666.0272 795.0800 84.2917 72.2500 903
684.2531 762.1907 88.3056 72.2500 904
702.5215 729.3013 92.3194 72.2500 905
720.8315 696.4359 96.3333 72.2500 906
739.1743 663.5807 100.3472 72.2500 907
644.0538 912.0865 72.2500 76.2639 949
662.1453 879.1781 76.2639 76.2639 950
680.2805 846.2184 80.2778 76.2639 951
698.4625 813.2662 84.2917 76.2639 952
716.6799 780.3589 88.3056 76.2639 953
734.9807 747.4438 92.3194 76.2639 954
753.3030 714.5355 96.3333 76.2639 955
771.6703 681.6500 100.3472 76.2639 956
790.0620 648.7554 104.3611 76.2639 957
808.4609 615.8730 108.3750 76.2639 958
826.8727 583.0023 112.3889 76.2639 959
845.2440 550.2685 116.4028 76.2639 960
640.4136 996.1519 64.2222 80.2778 996
658.4344 963.2852 68.2361 80.2778 997
676.4964 930.3856 72.2500 80.2778 998
694.6201 897.4586 76.2639 80.2778 999
712.7689 864.4885 80.2778 80.2778 1000
730.9678 831.5100 84.2917 80.2778 1001
749.2227 798.5754 88.3056 80.2778 1002
767.5331 765.6217 92.3194 80.2778 1003
785.8774 732.7001 96.3333 80.2778 1004
804.2567 699.7950 100.3472 80.2778 1005
822.6547 666.8767 104.3611 80.2778 1006
841.0518 633.9565 108.3750 80.2778 1007
859.4727 601.0483 112.3889 80.2778 1008
877.8657 568.2709 116.4028 80.2778 1009
896.3058 535.4575 120.4167 80.2778 1010
914.7448 502.6713 124.4306 80.2778 1011
654.8796 1047.3473 60.2083 84.2917 1044
672.8972 1014.5151 64.2222 84.2917 1045
690.9515 981.6264 68.2361 84.2917 1046
709.0293 948.7072 72.2500 84.2917 1047
727.1779 915.7693 76.2639 84.2917 1048
745.3646 882.7854 80.2778 84.2917 1049
763.5604 849.7899 84.2917 84.2917 1050
781.8532 816.8459 88.3056 84.2917 1051
800.1729 783.8788 92.3194 84.2917 1052
818.5282 750.9324 96.3333 84.2917 1053
836.9272 717.9951 100.3472 84.2917 1054
855.3454 685.0416 104.3611 84.2917 1055
873.7487 652.0910 108.3750 84.2917 1056
892.1614 619.1583 112.3889 84.2917 1057
910.5557 586.3578 116.4028 84.2917 1058
928.9995 553.4985 120.4167 84.2917 1059
947.4552 520.6596 124.4306 84.2917 1060
965.9285 487.9193 128.4444 84.2917 1061
669.3857 1098.5261 56.1944 88.3056 1092
687.3988 1065.7333 60.2083 88.3056 1093
705.4463 1032.8876 64.2222 88.3056 1094
723.5236 999.9943 68.2361 88.3056 1095
741.6341 967.0704 72.2500 88.3056 1096
759.8215 934.1161 76.2639 88.3056 1097
777.9984 901.1131 80.2778 88.3056 1098
796.2451 868.1036 84.2917 88.3056 1099
814.5317 835.1360 88.3056 88.3056 1100
832.8953 802.1466 92.3194 88.3056 1101
851.2637 769.1830 96.3333 88.3056 1102
869.6550 736.2360 100.3472 88.3056 1103
888.0909 703.2603 104.3611 88.3056 1104
906.5063 670.2893 108.3750 88.3056 1105
924.9376 637.3333 112.3889 88.3056 1106
943.3344 604.4927 116.4028 88.3056 1107
961.7762 571.6008 120.4167 88.3056 1108
980.2260 538.7216 124.4306 88.3056 1109
998.6942 505.9449 128.4444 88.3056 1110
1017.1603 473.2134 132.4583 88.3056 1111
683.9315 1149.6423 52.1806 92.3194 1140
701.9323 1116.9430 56.1944 92.3194 1141
719.9761 1084.1315 60.2083 92.3194 1142
738.0502 1051.2766 64.2222 92.3194 1143
756.1691 1018.3766 68.2361 92.3194 1144
774.3239 985.4540 72.2500 92.3194 1145
792.5071 952.4946 76.2639 92.3194 1146
810.7229 919.4819 80.2778 92.3194 1147
828.9878 886.4599 84.2917 92.3194 1148
847.2974 853.4767 88.3056 92.3194 1149
865.6630 820.4716 92.3194 92.3194 1150
884.0339 787.4828 96.3333 92.3194 1151
902.4620 754.5150 100.3472 92.3194 1152
920.9156 721.5188 104.3611 92.3194 1153
939.3322 688.5185 108.3750 92.3194 1154
957.7629 655.5411 112.3889 92.3194 1155
976.1505 622.6660 116.4028 92.3194 1156
994.6019 589.7564 120.4167 92.3194 1157
1013.0567 556.8573 124.4306 92.3194 1158
1031.5264 524.0318 128.4444 92.3194 1159
1049.9900 491.2743 132.4583 92.3194 1160
1068.4841 458.5815 136.4722 92.3194 1161
698.5099 1200.7714 48.1667 96.3333 1188
716.4932 1168.0801 52.1806 96.3333 1189
734.5313 1135.3591 56.1944 96.3333 1190
752.6149 1102.5487 60.2083 96.3333 1191
770.7327 1069.6708 64.2222 96.3333 1192
788.8827 1036.7610 68.2361 96.3333 1193
807.0438 1003.8394 72.2500 96.3333 1194
825.2717 970.8817 76.2639 96.3333 1195
843.5084 937.8623 80.2778 96.3333 1196
861.7833 904.8304 84.2917 96.3333 1197
880.1023 871.8368 88.3056 96.3333 1198
898.4910 838.8135 92.3194 96.3333 1199
916.8881 805.8082 96.3333 96.3333 1200
935.3161 772.8209 100.3472 96.3333 1201
953.7714 739.8039 104.3611 96.3333 1202
972.1924 706.7905 108.3750 96.3333 1203
990.6248 673.7961 112.3889 96.3333 1204
1009.0292 640.9058 116.4028 96.3333 1205
1027.4889 607.9621 120.4167 96.3333 1206
1045.9508 575.0276 124.4306 96.3333 1207
1064.4142 542.1729 128.4444 96.3333 1208
1082.8668 509.3987 132.4583 96.3333 1209
1101.3511 476.6617 136.4722 96.3333 1210
1119.8358 444.0226 140.4861 96.3333 1211
713.1179 1251.8658 44.1528 100.3472 1236
731.0828 1219.2202 48.1667 100.3472 1237
749.1082 1186.5271 52.1806 100.3472 1238
767.1965 1153.7871 56.1944 100.3472 1239
785.3195 1120.9855 60.2083 100.3472 1240
803.4608 1088.0969 64.2222 100.3472 1241
821.6219 1055.1676 68.2361 100.3472 1242
839.8296 1022.2339 72.2500 100.3472 1243
858.0717 989.2720 76.2639 100.3472 1244
876.3374 956.2505 80.2778 100.3472 1245
894.6240 923.2095 84.2917 100.3472 1246
912.9699 890.2091 88.3056 100.3472 1247
931.3845 857.1812 92.3194 100.3472 1248
949.7784 824.1638 96.3333 100.3472 1249
968.2162 791.1600 100.3472 100.3472 1250
986.6711 758.1301 104.3611 100.3472 1251
1005.1089 725.0964 108.3750 100.3472 1252
1023.5488 692.0835 112.3889 100.3472 1253
1041.9629 659.1669 116.4028 100.3472 1254
1060.4193 626.2078 120.4167 100.3472 1255
1078.8661 593.2569 124.4306 100.3472 1256
1097.3326 560.3806 128.4444 100.3472 1257
1115.7874 527.5596 132.4583 100.3472 1258
1134.2566 494.8108 136.4722 100.3472 1259
1152.7355 462.1273 140.4861 100.3472 1260
1171.1804 429.5536 144.5000 100.3472 1261
745.7100 1270.3267 44.1528 104.3611 1285
763.7203 1237.6772 48.1667 104.3611 1286
781.7995 1204.9812 52.1806 104.3611 1287
799.9210 1172.2344 56.1944 104.3611 1288
818.0624 1139.4282 60.2083 104.3611 1289
836.2322 1106.5375 64.2222 104.3611 1290
854.4333 1073.6013 68.2361 104.3611 1291
872.6409 1040.6431 72.2500 104.3611 1292
890.9221 1007.6755 76.2639 104.3611 1293
909.1857 974.6609 80.2778 104.3611 1294
927.5115 941.6095 84.2917 104.3611 1295
945.8897 908.6000 88.3056 104.3611 1296
964.2996 875.5749 92.3194 104.3611 1297
982.7160 842.5521 96.3333 104.3611 1298
1001.1600 809.5411 100.3472 104.3611 1299
1019.6246 776.4991 104.3611 104.3611 1300
1038.0776 743.4528 108.3750 104.3611 1301
1056.5258 710.4234 112.3889 104.3611 1302
1074.9368 677.4911 116.4028 104.3611 1303
1093.3856 644.5109 120.4167 104.3611 1304
1111.8274 611.5345 124.4306 104.3611 1305
1130.2899 578.6291 128.4444 104.3611 1306
1148.7408 545.7798 132.4583 104.3611 1307
1167.2041 512.9919 136.4722 104.3611 1308
1185.6617 480.2879 140.4861 104.3611 1309
1204.1080 447.6569 144.5000 104.3611 1310
760.3277 1321.3811 40.1389 108.3750 1333
778.3397 1288.7853 44.1528 108.3750 1334
796.3928 1256.1313 48.1667 108.3750 1335
814.4964 1223.4368 52.1806 108.3750 1336
832.6519 1190.6727 56.1944 108.3750 1337
850.8409 1157.8740 60.2083 108.3750 1338
869.0268 1124.9869 64.2222 108.3750 1339
887.2568 1092.0377 68.2361 108.3750 1340
905.4965 1059.0695 72.2500 108.3750 1341
923.7892 1026.0945 76.2639 108.3750 1342
942.0768 993.0757 80.2778 108.3750 1343
960.4250 960.0184 84.2917 108.3750 1344
978.8086 927.0049 88.3056 108.3750 1345
997.2326 893.9701 92.3194 108.3750 1346
1015.6639 860.9521 96.3333 108.3750 1347
1034.1301 827.9323 100.3472 108.3750 1348
1052.5989 794.8738 104.3611 108.3750 1349
1071.0543 761.8099 108.3750 108.3750 1350
1089.4985 728.7622 112.3889 108.3750 1351
1107.9102 695.8222 116.4028 108.3750 1352
1126.3644 662.8288 120.4167 108.3750 1353
1144.8080 629.8362 124.4306 108.3750 1354
1163.2653 596.9092 128.4444 108.3750 1355
1181.7013 564.0391 132.4583 108.3750 1356
1200.1616 531.2292 136.4722 108.3750 1357
1218.6193 498.4854 140.4861 108.3750 1358
1237.0519 465.8314 144.5000 108.3750 1359
1255.4854 433.2547 148.5139 108.3750 1360
792.9615 1339.8600 40.1389 112.3889 1382
811.0101 1307.2568 44.1528 112.3889 1383
829.1057 1274.5876 48.1667 112.3889 1384
847.2557 1241.8912 52.1806 112.3889 1385
865.4536 1209.1273 56.1944 112.3889 1386
883.6472 1176.3263 60.2083 112.3889 1387
901.8802 1143.4408 64.2222 112.3889 1388
920.1210 1110.4916 68.2361 112.3889 1389
938.4056 1077.5225 72.2500 112.3889 1390
956.7053 1044.5472 76.2639 112.3889 1391
975.0192 1011.5211 80.2778 112.3889 1392
993.3876 978.4561 84.2917 112.3889 1393
1011.7862 945.4436 88.3056 112.3889 1394
1030.2119 912.3976 92.3194 112.3889 1395
1048.6562 879.3693 96.3333 112.3889 1396
1067.1349 846.3392 100.3472 112.3889 1397
1085.6089 813.2796 104.3611 112.3889 1398
1104.0641 780.2071 108.3750 112.3889 1399
1122.5051 747.1398 112.3889 112.3889 1400
1140.9122 714.1788 116.4028 112.3889 1401
1159.3633 681.1751 120.4167 112.3889 1402
1177.8142 648.1674 124.4306 112.3889 1403
1196.2728 615.2219 128.4444 112.3889 1404
1214.7069 582.3481 132.4583 112.3889 1405
1233.1626 549.5046 136.4722 112.3889 1406
1251.6116 516.7428 140.4861 112.3889 1407
1270.0352 484.0552 144.5000 112.3889 1408
1288.4568 451.4443 148.5139 112.3889 1409
825.6292 1358.3418 40.1389 116.4028 1431
843.7454 1325.7159 44.1528 116.4028 1432
861.8814 1293.0527 48.1667 116.4028 1433
880.0521 1260.3538 52.1806 116.4028 1434
898.2811 1227.5951 56.1944 116.4028 1435
916.5042 1194.7727 60.2083 116.4028 1436
934.7552 1161.8981 64.2222 116.4028 1437
953.0281 1128.9427 68.2361 116.4028 1438
971.3348 1095.9806 72.2500 116.4028 1439
989.6541 1062.9954 76.2639 116.4028 1440
1007.9998 1029.9626 80.2778 116.4028 1441
1026.3831 996.9012 84.2917 116.4028 1442
1044.7856 963.8920 88.3056 116.4028 1443
1063.2200 930.8444 92.3194 116.4028 1444
1081.6669 897.7935 96.3333 116.4028 1445
1100.1556 864.7599 100.3472 116.4028 1446
1118.6400 831.7031 104.3611 116.4028 1447
1137.0946 798.6388 108.3750 116.4028 1448
1155.5402 765.5614 112.3889 116.4028 1449
1173.9498 732.5908 116.4028 116.4028 1450
1192.4059 699.5638 120.4167 116.4028 1451
1210.8489 666.5413 124.4306 116.4028 1452
1229.3009 633.5782 128.4444 116.4028 1453
1247.7347 600.6718 132.4583 116.4028 1454
1266.1796 567.8339 136.4722 116.4028 1455
1284.6282 535.0312 140.4861 116.4028 1456
1303.0366 502.3341 144.5000 116.4028 1457
1321.4517 469.6800 148.5139 116.4028 1458
858.3653 1376.8042 40.1389 120.4167 1480
876.5030 1344.1771 44.1528 120.4167 1481
894.6630 1311.5206 48.1667 120.4167 1482
912.8992 1278.8099 52.1806 120.4167 1483
931.1266 1246.0620 56.1944 120.4167 1484
949.4002 1213.2457 60.2083 120.4167 1485
967.6718 1180.3646 64.2222 120.4167 1486
985.9833 1147.4135 68.2361 120.4167 1487
1004.2987 1114.4376 72.2500 120.4167 1488
1022.6422 1081.4612 76.2639 120.4167 1489
1041.0001 1048.4186 80.2778 120.4167 1490
1059.3821 1015.3605 84.2917 120.4167 1491
1077.7926 982.3423 88.3056 120.4167 1492
1096.2510 949.3015 92.3194 120.4167 1493
1114.7111 916.2351 96.3333 120.4167 1494
1133.2054 883.1961 100.3472 120.4167 1495
1151.6964 850.1422 104.3611 120.4167 1496
1170.1431 817.0798 108.3750 120.4167 1497
1188.5990 784.0046 112.3889 120.4167 1498
1207.0145 751.0153 116.4028 120.4167 1499
1225.4666 717.9847 120.4167 120.4167 1500
1243.9042 684.9476 124.4306 120.4167 1501
1262.3574 651.9721 128.4444 120.4167 1502
1280.7826 619.0524 132.4583 120.4167 1503
1299.2269 586.1763 136.4722 120.4167 1504
1317.6555 553.3868 140.4861 120.4167 1505
1336.0582 520.6473 144.5000 120.4167 1506
1354.4572 487.9878 148.5139 120.4167 1507
891.1265 1395.2704 40.1389 124.4306 1529
909.3139 1362.6422 44.1528 124.4306 1530
927.5040 1329.9841 48.1667 124.4306 1531
945.7617 1297.2701 52.1806 124.4306 1532
964.0295 1264.5199 56.1944 124.4306 1533
982.3362 1231.7014 60.2083 124.4306 1534
1000.6320 1198.8186 64.2222 124.4306 1535
1018.9556 1165.8765 68.2361 124.4306 1536
1037.2844 1132.9027 72.2500 124.4306 1537
1055.6456 1099.9238 76.2639 124.4306 1538
1074.0109 1066.8788 80.2778 124.4306 1539
1092.4122 1033.8138 84.2917 124.4306 1540
1110.8370 1000.8059 88.3056 124.4306 1541
1129.3022 967.7546 92.3194 124.4306 1542
1147.7778 934.7020 96.3333 124.4306 1543
1166.2681 901.6525 100.3472 124.4306 1544
1184.7588 868.5902 104.3611 124.4306 1545
1203.2192 835.5285 108.3750 124.4306 1546
1221.6722 802.4560 112.3889 124.4306 1547
1240.0847 769.4662 116.4028 124.4306 1548
1258.5359 736.4272 120.4167 124.4306 1549
1276.9810 703.3760 124.4306 124.4306 1550
1295.4238 670.4044 128.4444 124.4306 1551
1313.8517 637.4608 132.4583 124.4306 1552
1332.2791 604.5739 136.4722 124.4306 1553
1350.7035 571.7538 140.4861 124.4306 1554
1369.0887 539.0109 144.5000 124.4306 1555
1387.4657 506.3205 148.5139 124.4306 1556
1405.7789 473.6753 152.5278 124.4306 1557
923.9371 1413.7073 40.1389 128.4444 1578
942.1323 1381.0907 44.1528 128.4444 1579
960.3663 1348.4193 48.1667 128.4444 1580
978.6343 1315.7008 52.1806 128.4444 1581
996.9395 1282.9723 56.1944 128.4444 1582
1015.2543 1250.1477 60.2083 128.4444 1583
1033.5718 1217.2695 64.2222 128.4444 1584
1051.9263 1184.3248 68.2361 128.4444 1585
1070.2695 1151.3677 72.2500 128.4444 1586
1088.6439 1118.3726 76.2639 128.4444 1587
1107.0281 1085.3369 80.2778 128.4444 1588
1125.4421 1052.2758 84.2917 128.4444 1589
1143.8773 1019.2654 88.3056 128.4444 1590
1162.3464 986.2184 92.3194 128.4444 1591
1180.8289 953.1711 96.3333 128.4444 1592
1199.3156 920.1182 100.3472 128.4444 1593
1217.8160 887.0507 104.3611 128.4444 1594
1236.2811 853.9755 108.3750 128.4444 1595
1254.7286 820.9103 112.3889 128.4444 1596
1273.1545 787.9211 116.4028 128.4444 1597
1291.6030 754.8737 120.4167 128.4444 1598
1310.0430 721.8150 124.4306 128.4444 1599
1328.4849 688.8273 128.4444 128.4444 1600
1346.9022 655.8900 132.4583 128.4444 1601
1365.3142 622.9909 136.4722 128.4444 1602
1383.7252 590.1486 140.4861 128.4444 1603
1402.1050 557.4007 144.5000 128.4444 1604
1420.4697 524.6829 148.5139 128.4444 1605
1438.7708 492.0337 152.5278 128.4444 1606
956.6768 1432.0938 40.1389 132.4583 1627
974.9147 1399.4908 44.1528 132.4583 1628
993.1606 1366.8226 48.1667 132.4583 1629
1011.4725 1334.0972 52.1806 132.4583 1630
1029.7952 1301.3800 56.1944 132.4583 1631
1048.1221 1268.5580 60.2083 132.4583 1632
1066.4766 1235.6765 64.2222 132.4583 1633
1084.8342 1202.7462 68.2361 132.4583 1634
1103.1958 1169.7738 72.2500 132.4583 1635
1121.5933 1136.7870 76.2639 132.4583 1636
1139.9823 1103.7457 80.2778 132.4583 1637
1158.4015 1070.6921 84.2917 132.4583 1638
1269.2811 872.4079 108.3750 132.4583 1639
1287.7329 839.3301 112.3889 132.4583 1640
1306.1470 806.3372 116.4028 132.4583 1641
1324.5985 773.2889 120.4167 132.4583 1642
1343.0331 740.2294 124.4306 132.4583 1643
1361.4678 707.2310 128.4444 132.4583 1644
1379.8688 674.2895 132.4583 132.4583 1645
1398.2837 641.3862 136.4722 132.4583 1646
1416.6797 608.5318 140.4861 132.4583 1647
1435.0400 575.7661 144.5000 132.4583 1648
1453.3927 543.0392 148.5139 132.4583 1649
1471.6562 510.3734 152.5278 132.4583 1650
989.5285 1450.5142 40.1389 136.4722 1671
1007.7944 1417.9161 44.1528 136.4722 1672
1026.0664 1385.2417 48.1667 136.4722 1673
1044.4031 1352.5458 52.1806 136.4722 1674
1062.7441 1319.8165 56.1944 136.4722 1675
1081.0972 1287.0022 60.2083 136.4722 1676
1099.4674 1254.1233 64.2222 136.4722 1677
1117.8444 1221.1956 68.2361 136.4722 1678
1136.2188 1188.2380 72.2500 136.4722 1679
1154.6228 1155.2593 76.2639 136.4722 1680
1173.0217 1122.2095 80.2778 136.4722 1681
1191.4399 1089.1576 84.2917 136.4722 1682
1302.3732 890.8967 108.3750 136.4722 1683
1320.8318 857.8097 112.3889 136.4722 1684
1339.2477 824.8126 116.4028 136.4722 1685
1357.6913 791.7622 120.4167 136.4722 1686
1376.1066 758.7097 124.4306 136.4722 1687
1394.5293 725.7081 128.4444 136.4722 1688
1412.9263 692.7531 132.4583 136.4722 1689
1431.3323 659.8448 136.4722 136.4722 1690
1449.7155 626.9794 140.4861 136.4722 1691
1468.0542 594.1926 144.5000 136.4722 1692
1486.3855 561.4747 148.5139 136.4722 1693
1504.6295 528.7887 152.5278 136.4722 1694
1022.4102 1468.9167 40.1389 140.4861 1715
1040.6842 1436.3246 44.1528 140.4861 1716
1058.9912 1403.6533 48.1667 140.4861 1717
1077.3425 1370.9680 52.1806 140.4861 1718
1095.7041 1338.2357 56.1944 140.4861 1719
1114.0796 1305.4438 60.2083 140.4861 1720
1132.4677 1272.5648 64.2222 140.4861 1721
1150.8531 1239.6475 68.2361 140.4861 1722
1169.2430 1206.6971 72.2500 140.4861 1723
1187.6549 1173.7140 76.2639 140.4861 1724
1206.0553 1140.6787 80.2778 140.4861 1725
1224.4919 1107.6345 84.2917 140.4861 1726
1335.4490 909.3749 108.3750 140.4861 1727
1353.9185 876.2837 112.3889 140.4861 1728
1372.3307 843.2908 116.4028 140.4861 1729
1390.7671 810.2479 120.4167 140.4861 1730
1409.1624 777.1824 124.4306 140.4861 1731
1427.5735 744.1882 128.4444 140.4861 1732
1445.9620 711.2259 132.4583 140.4861 1733
1464.3605 678.3124 136.4722 140.4861 1734
1482.7278 645.4509 140.4861 140.4861 1735
1501.0524 612.6482 144.5000 140.4861 1736
1519.3644 579.9212 148.5139 140.4861 1737
1537.5797 547.2161 152.5278 140.4861 1738
1055.2872 1487.2783 40.1389 144.5000 1759
1073.5873 1454.6952 44.1528 144.5000 1760
1091.9202 1422.0437 48.1667 144.5000 1761
1110.2882 1389.3749 52.1806 144.5000 1762
1128.6721 1356.6396 56.1944 144.5000 1763
1147.0674 1323.8573 60.2083 144.5000 1764
1165.4664 1290.9989 64.2222 144.5000 1765
1183.8657 1258.0864 68.2361 144.5000 1766
1202.2659 1225.1385 72.2500 144.5000 1767
1220.6865 1192.1711 76.2639 144.5000 1768
1239.0980 1159.1482 80.2778 144.5000 1769
1257.5353 1126.1013 84.2917 144.5000 1770
1368.5228 927.8511 108.3750 144.5000 1771
1386.9938 894.7626 112.3889 144.5000 1772
1405.3964 861.7715 116.4028 144.5000 1773
1423.8289 828.7354 120.4167 144.5000 1774
1442.2173 795.6820 124.4306 144.5000 1775
1460.6124 762.6807 128.4444 144.5000 1776
1478.9917 729.7181 132.4583 144.5000 1777
1497.3759 696.7929 136.4722 144.5000 1778
1515.7268 663.9263 140.4861 144.5000 1779
1534.0259 631.1205 144.5000 144.5000 1780
1552.3158 598.3865 148.5139 144.5000 1781
1088.1674 1505.5947 40.1389 148.5139 1803
1106.5002 1473.0453 44.1528 148.5139 1804
1124.8518 1440.4342 48.1667 148.5139 1805
1143.2355 1407.7428 52.1806 148.5139 1806
1161.6313 1375.0366 56.1944 148.5139 1807
1180.0402 1342.2506 60.2083 148.5139 1808
1198.4557 1309.4176 64.2222 148.5139 1809
1216.8729 1276.5151 68.2361 148.5139 1810
1235.2852 1243.5758 72.2500 148.5139 1811
1253.7227 1210.6173 76.2639 148.5139 1812
1272.1420 1177.6115 80.2778 148.5139 1813
1290.5912 1144.5696 84.2917 148.5139 1814
1401.5941 946.3349 108.3750 148.5139 1815
1420.0479 913.2452 112.3889 148.5139 1816
1438.4410 880.2637 116.4028 148.5139 1817
1456.8590 847.2227 120.4167 148.5139 1818
1475.2427 814.1695 124.4306 148.5139 1819
1493.6273 781.1704 128.4444 148.5139 1820
1511.9896 748.2036 132.4583 148.5139 1821
1530.3607 715.2823 136.4722 148.5139 1822
1548.6967 682.4152 140.4861 148.5139 1823
1566.9822 649.6065 144.5000 148.5139 1824
1585.2477 616.8665 148.5139 148.5139 1825
1139.4148 1491.3759 44.1528 152.5278 1848
1157.7728 1458.7450 48.1667 152.5278 1849
1176.1731 1426.0956 52.1806 152.5278 1850
1194.5825 1393.4131 56.1944 152.5278 1851
1213.0179 1360.6226 60.2083 152.5278 1852
1231.4453 1327.8065 64.2222 152.5278 1853
1249.8693 1294.9280 68.2361 152.5278 1854
1268.2977 1262.0059 72.2500 152.5278 1855
1286.7468 1229.0580 76.2639 152.5278 1856
1305.1758 1196.0570 80.2778 152.5278 1857
1323.6356 1163.0248 84.2917 152.5278 1858
1342.1143 1130.0303 88.3056 152.5278 1859
1360.6333 1097.0117 92.3194 152.5278 1860
1379.1438 1063.9797 96.3333 152.5278 1861
1397.6670 1030.9585 100.3472 152.5278 1862
1416.1844 997.8964 104.3611 152.5278 1863
1434.6451 964.8199 108.3750 152.5278 1864
1453.0850 931.7394 112.3889 152.5278 1865
1471.4701 898.7579 116.4028 152.5278 1866
1489.8838 865.7177 120.4167 152.5278 1867
1508.2540 832.6650 124.4306 152.5278 1868
1526.6171 799.6766 128.4444 152.5278 1869
1544.9786 766.7009 132.4583 152.5278 1870
1563.3195 733.7708 136.4722 152.5278 1871
1581.6429 700.9058 140.4861 152.5278 1872
1599.9126 668.0980 144.5000 152.5278 1873
1618.1378 635.3619 148.5139 152.5278 1874
1172.3138 1509.6517 44.1528 156.5417 1897
1190.6819 1477.0619 48.1667 156.5417 1898
1209.1025 1444.4380 52.1806 156.5417 1899
1227.5355 1411.7551 56.1944 156.5417 1900
1245.9812 1378.9983 60.2083 156.5417 1901
1264.4186 1346.1731 64.2222 156.5417 1902
1282.8547 1313.3163 68.2361 156.5417 1903
1301.2942 1280.4180 72.2500 156.5417 1904
1319.7548 1247.4769 76.2639 156.5417 1905
1338.1915 1214.4861 80.2778 156.5417 1906
1356.6592 1181.4697 84.2917 156.5417 1907
1375.1493 1148.4866 88.3056 156.5417 1908
1393.6733 1115.4666 92.3194 156.5417 1909
1412.1785 1082.4415 96.3333 156.5417 1910
1430.7098 1049.4275 100.3472 156.5417 1911
1449.2100 1016.3698 104.3611 156.5417 1912
1467.6675 983.3005 108.3750 156.5417 1913
1486.0955 950.2260 112.3889 156.5417 1914
1504.4729 917.2449 116.4028 156.5417 1915
1522.8726 884.2067 120.4167 156.5417 1916
1541.2350 851.1546 124.4306 156.5417 1917
1559.5863 818.1449 128.4444 156.5417 1918
1577.9353 785.1906 132.4583 156.5417 1919
1596.2604 752.2712 136.4722 156.5417 1920
1614.5536 719.4008 140.4861 156.5417 1921
1632.8046 686.5943 144.5000 156.5417 1922
1223.5690 1495.3392 48.1667 160.5556 1947
1242.0101 1462.7228 52.1806 160.5556 1948
1260.4590 1430.0676 56.1944 160.5556 1949
1278.9142 1397.3379 60.2083 160.5556 1950
1297.3671 1364.5289 64.2222 160.5556 1951
1315.8158 1331.6692 68.2361 160.5556 1952
1334.2610 1298.7780 72.2500 160.5556 1953
1352.7302 1265.8671 76.2639 160.5556 1954
1371.1748 1232.8871 80.2778 160.5556 1955
1389.6478 1199.8839 84.2917 160.5556 1956
1408.1428 1166.9148 88.3056 160.5556 1957
1426.6670 1133.9016 92.3194 160.5556 1958
1445.1768 1100.8875 96.3333 160.5556 1959
1463.6987 1067.8739 100.3472 160.5556 1960
1482.1947 1034.8223 104.3611 160.5556 1961
1500.6439 1001.7594 108.3750 160.5556 1962
1519.0708 968.6943 112.3889 160.5556 1963
1537.4420 935.7188 116.4028 160.5556 1964
1555.8297 902.6801 120.4167 160.5556 1965
1574.1766 869.6340 124.4306 160.5556 1966
1592.5272 836.6254 128.4444 160.5556 1967
1610.8442 803.6704 132.4583 160.5556 1968
1629.1530 770.7620 136.4722 160.5556 1969
1647.4248 737.9001 140.4861 160.5556 1970
1665.6243 705.0969 144.5000 160.5556 1971
1256.4731 1513.5730 48.1667 164.5694 1996
1274.9225 1481.0017 52.1806 164.5694 1997
1293.3871 1448.3800 56.1944 164.5694 1998
1311.8577 1415.6558 60.2083 164.5694 1999
1330.3193 1382.8793 64.2222 164.5694 2000
1348.7761 1350.0393 68.2361 164.5694 2001
1367.2301 1317.1552 72.2500 164.5694 2002
1385.7068 1284.2493 76.2639 164.5694 2003
1404.1631 1251.2850 80.2778 164.5694 2004
1422.6354 1218.2955 84.2917 164.5694 2005
1441.1350 1185.3362 88.3056 164.5694 2006
1459.6584 1152.3350 92.3194 164.5694 2007
1478.1709 1119.3301 96.3333 164.5694 2008
1496.6857 1086.3280 100.3472 164.5694 2009
1515.1790 1053.2871 104.3611 164.5694 2010
1533.6298 1020.2361 108.3750 164.5694 2011
1552.0448 987.1702 112.3889 164.5694 2012
1570.4099 954.2001 116.4028 164.5694 2013
1588.7875 921.1783 120.4167 164.5694 2014
1607.1182 888.1312 124.4306 164.5694 2015
1625.4576 855.1247 128.4444 164.5694 2016
1643.7534 822.1603 132.4583 164.5694 2017
1662.0298 789.2534 136.4722 164.5694 2018
1680.2805 756.4128 140.4861 164.5694 2019
1307.8201 1499.2411 52.1806 168.5833 2046
1326.2975 1466.6421 56.1944 168.5833 2047
1344.7765 1433.9631 60.2083 168.5833 2048
1363.2516 1401.1915 64.2222 168.5833 2049
1381.7206 1368.3837 68.2361 168.5833 2050
1400.1854 1335.5173 72.2500 168.5833 2051
1418.6705 1302.6188 76.2639 168.5833 2052
1437.1294 1269.6661 80.2778 168.5833 2053
1455.6080 1236.6891 84.2917 168.5833 2054
1474.1090 1203.7395 88.3056 168.5833 2055
1492.6322 1170.7559 92.3194 168.5833 2056
1511.1399 1137.7605 96.3333 168.5833 2057
1529.6569 1104.7720 100.3472 168.5833 2058
1548.1448 1071.7422 104.3611 168.5833 2059
1566.5876 1038.7014 108.3750 168.5833 2060
1585.0050 1005.6459 112.3889 168.5833 2061
1603.3588 972.6823 116.4028 168.5833 2062
1621.7186 939.6597 120.4167 168.5833 2063
1640.0365 906.6233 124.4306 168.5833 2064
1658.3521 873.6238 128.4444 168.5833 2065
1676.6174 840.6595 132.4583 168.5833 2066
1694.8787 807.7571 136.4722 168.5833 2067
1359.1687 1484.8892 56.1944 172.5972 2096
1377.6736 1452.2194 60.2083 172.5972 2097
1396.1556 1419.4857 64.2222 172.5972 2098
1414.6392 1386.6852 68.2361 172.5972 2099
1433.1112 1353.8589 72.2500 172.5972 2100
1451.6042 1320.9799 76.2639 172.5972 2101
1470.0703 1288.0389 80.2778 172.5972 2102
1488.5468 1255.0751 84.2917 172.5972 2103
1507.0437 1222.1375 88.3056 172.5972 2104
1525.5739 1189.1586 92.3194 172.5972 2105
1544.0831 1156.1746 96.3333 172.5972 2106
1562.5933 1123.1934 100.3472 172.5972 2107
1581.0802 1090.1807 104.3611 172.5972 2108
1599.5236 1057.1558 108.3750 172.5972 2109
1617.9294 1024.1207 112.3889 172.5972 2110
1636.2645 991.1517 116.4028 172.5972 2111
1654.5957 958.1415 120.4167 172.5972 2112
1672.9180 925.1085 124.4306 172.5972 2113
1691.1976 892.1147 128.4444 172.5972 2114
1709.4451 859.1548 132.4583 172.5972 2115
1392.0293 1503.0630 56.1944 176.6111 2145
1410.5338 1470.4464 60.2083 176.6111 2146
1429.0251 1437.7351 64.2222 176.6111 2147
1447.5173 1404.9714 68.2361 176.6111 2148
1465.9999 1372.1420 72.2500 176.6111 2149
1484.5055 1339.2983 76.2639 176.6111 2150
1502.9774 1306.3866 80.2778 176.6111 2151
1521.4585 1273.4425 84.2917 176.6111 2152
1539.9644 1240.5171 88.3056 176.6111 2153
1558.4846 1207.5497 92.3194 176.6111 2154
1576.9963 1174.5789 96.3333 176.6111 2155
1595.5022 1141.6047 100.3472 176.6111 2156
1613.9878 1108.6006 104.3611 176.6111 2157
1632.4264 1075.5894 108.3750 176.6111 2158
1650.8103 1042.5712 112.3889 176.6111 2159
1669.1082 1009.6105 116.4028 176.6111 2160
1687.4473 976.6052 120.4167 176.6111 2161
1705.7264 943.5858 124.4306 176.6111 2162
1723.9908 910.5994 128.4444 176.6111 2163
1480.3600 1423.2023 68.2361 180.6250 2197
1498.8591 1390.4247 72.2500 180.6250 2198
1517.3663 1357.5785 76.2639 180.6250 2199
1535.8425 1324.6884 80.2778 180.6250 2200
1554.3315 1291.7639 84.2917 180.6250 2201
1572.8363 1258.8690 88.3056 180.6250 2202
1591.3634 1225.9236 92.3194 180.6250 2203
1609.8671 1192.9642 96.3333 180.6250 2204
1628.3673 1159.9998 100.3472 180.6250 2205
1646.8451 1127.0078 104.3611 180.6250 2206
1665.2627 1093.9990 108.3750 180.6250 2207
1683.6259 1060.9952 112.3889 180.6250 2208
1701.9270 1028.0580 116.4028 180.6250 2209
1720.2391 995.0618 120.4167 180.6250 2210
1738.4880 962.0444 124.4306 180.6250 2211
1550.1600 1375.8392 76.2639 184.6389 2248
1568.6449 1342.9757 80.2778 184.6389 2249
1587.1326 1310.0597 84.2917 184.6389 2250
1605.6375 1277.1793 88.3056 184.6389 2251
1624.1664 1244.2523 92.3194 184.6389 2252
1642.6704 1211.3131 96.3333 184.6389 2253
1661.1637 1178.3688 100.3472 184.6389 2254
1679.6309 1145.3895 104.3611 184.6389 2255
1698.0276 1112.3940 108.3750 184.6389 2256
1716.3929 1079.3911 112.3889 184.6389 2257
1734.6602 1046.4813 116.4028 184.6389 2258
1638.4030 1295.4537 88.3056 188.6528 2300
1656.9312 1262.5402 92.3194 188.6528 2301
1675.4269 1229.6201 96.3333 188.6528 2302
1693.9119 1196.6945 100.3472 188.6528 2303
1712.3624 1163.7319 104.3611 188.6528 2304
1708.1415 1247.8579 96.3333 192.6667 2351
1726.6301 1214.9332 100.3472 192.6667 2352
1745.0535 1181.9825 104.3611 192.6667 2353
1763.3486 1149.0469 108.3750 192.6667 2354
1740.5116 1266.0416 96.3333 196.6806 2400
1759.0411 1233.1459 100.3472 196.6806 2401
1777.4851 1200.2598 104.3611 196.6806 2402
1795.9573 1167.5090 108.3750 196.6806 2403
1792.4653 1252.1761 100.3472 200.6944 2450
1811.2366 1219.2164 104.3611 200.6944 2451
