680.6453 694.5152 96.3333 68.2361 857
698.3578 661.2905 100.3472 68.2361 858
714.5186 627.1332 104.3611 68.2361 859
696.8239 745.9432 92.3194 72.2500 905
714.1870 712.6702 96.3333 72.2500 906
731.4924 679.2249 100.3472 72.2500 907
748.6283 645.7191 104.3611 72.2500 908
765.7066 612.0506 108.3750 72.2500 909
782.6581 578.6154 112.3889 72.2500 910
730.4448 763.0290 92.3194 76.2639 954
747.4899 729.5057 96.3333 76.2639 955
764.5705 696.0344 100.3472 76.2639 956
781.6875 662.4949 104.3611 76.2639 957
798.7904 629.0146 108.3750 76.2639 958
815.9298 595.6030 112.3889 76.2639 959
833.0469 562.3071 116.4028 76.2639 960
850.0840 528.9985 120.4167 76.2639 961
867.3782 495.6696 124.4306 76.2639 962
900.6321 511.8652 124.4306 80.2778 1011
762.7672 864.1544 84.2917 84.2917 1050
779.7294 830.5949 88.3056 84.2917 1051
796.7630 797.0142 92.3194 84.2917 1052
813.8260 763.4382 96.3333 84.2917 1053
830.9362 729.8671 100.3472 84.2917 1054
848.0673 696.2578 104.3611 84.2917 1055
865.1968 662.6603 108.3750 84.2917 1056
882.3549 629.0802 112.3889 84.2917 1057
899.4811 595.6097 116.4028 84.2917 1058
916.6744 562.1043 120.4167 84.2917 1059
933.8848 528.6117 124.4306 84.2917 1060
762.1308 948.4352 76.2639 88.3056 1097
779.0201 914.8413 80.2778 88.3056 1098
795.9567 881.2186 84.2917 88.3056 1099
812.9493 847.6409 88.3056 88.3056 1100
830.0043 814.0339 92.3194 88.3056 1101
847.0816 780.4307 96.3333 88.3056 1102
864.2204 746.8336 100.3472 88.3056 1103
881.3770 713.2048 104.3611 88.3056 1104
898.5112 679.5853 108.3750 88.3056 1105
915.6730 645.9855 112.3889 88.3056 1106
932.8198 612.4825 116.4028 88.3056 1107
950.0074 578.9332 120.4167 88.3056 1108
967.2219 545.3881 124.4306 88.3056 1109
984.4623 511.9099 128.4444 88.3056 1110
1001.6941 478.5150 132.4583 88.3056 1111
761.6579 1032.6033 68.2361 92.3194 1144
778.4753 999.0963 72.2500 92.3194 1145
795.3580 965.5538 76.2639 92.3194 1146
812.2643 931.9423 80.2778 92.3194 1147
829.2282 898.3125 84.2917 92.3194 1148
846.2486 864.7238 88.3056 92.3194 1149
863.3385 831.0912 92.3194 92.3194 1150
880.4437 797.4713 96.3333 92.3194 1151
897.5819 763.8555 100.3472 92.3194 1152
914.7549 730.1998 104.3611 92.3194 1153
931.9169 696.5510 108.3750 92.3194 1154
949.0865 662.9175 112.3889 92.3194 1155
966.2391 629.3874 116.4028 92.3194 1156
983.4399 595.8142 120.4167 92.3194 1157
1000.6371 562.2295 124.4306 92.3194 1158
1017.8795 528.7202 128.4444 92.3194 1159
1035.1082 495.2709 132.4583 92.3194 1160
1052.3846 461.8951 136.4722 92.3194 1161
778.0641 1083.2634 64.2222 96.3333 1192
794.8809 1049.7878 68.2361 96.3333 1193
811.7407 1016.2637 72.2500 96.3333 1194
828.6501 982.7100 76.2639 96.3333 1195
845.5848 949.0735 80.2778 96.3333 1196
862.5822 915.4351 84.2917 96.3333 1197
879.6275 881.8384 88.3056 96.3333 1198
896.7327 848.1889 92.3194 96.3333 1199
913.8518 814.5436 96.3333 96.3333 1200
931.0173 780.9127 100.3472 96.3333 1201
948.2006 747.2347 104.3611 96.3333 1202
965.3846 713.5636 108.3750 96.3333 1203
982.5533 679.9001 112.3889 96.3333 1204
999.7073 646.3414 116.4028 96.3333 1205
1016.9224 612.7413 120.4167 96.3333 1206
1034.1217 579.1360 124.4306 96.3333 1207
1051.3632 545.5947 128.4444 96.3333 1208
1068.5798 512.1130 132.4583 96.3333 1209
1085.8528 478.6892 136.4722 96.3333 1210
1103.1183 445.3525 140.4861 96.3333 1211
794.5059 1133.8988 60.2083 100.3472 1240
811.3176 1100.4766 64.2222 100.3472 1241
828.1708 1066.9749 68.2361 100.3472 1242
845.0618 1033.4473 72.2500 100.3472 1243
862.0201 999.8895 76.2639 100.3472 1244
878.9891 966.2374 80.2778 100.3472 1245
895.9976 932.5720 84.2917 100.3472 1246
913.0703 898.9659 88.3056 100.3472 1247
930.1855 865.3148 92.3194 100.3472 1248
947.3371 831.6469 96.3333 100.3472 1249
964.5199 797.9980 100.3472 100.3472 1250
981.7191 764.3100 104.3611 100.3472 1251
998.9099 730.6222 108.3750 100.3472 1252
1016.0824 696.9431 112.3889 100.3472 1253
1033.2534 663.3533 116.4028 100.3472 1254
1050.4603 629.7276 120.4167 100.3472 1255
1067.6538 596.1019 124.4306 100.3472 1256
1084.8975 562.5371 128.4444 100.3472 1257
1102.1165 529.0260 132.4583 100.3472 1258
1119.3783 495.5623 136.4722 100.3472 1259
1136.6478 462.1777 140.4861 100.3472 1260
1153.9111 428.8943 144.5000 100.3472 1261
827.7712 1151.1090 60.2083 104.3611 1289
844.6148 1117.6769 64.2222 104.3611 1290
861.5226 1084.1606 68.2361 104.3611 1291
878.4503 1050.6205 72.2500 104.3611 1292
895.4291 1017.0523 76.2639 104.3611 1293
912.4233 983.4221 80.2778 104.3611 1294
929.4634 949.7432 84.2917 104.3611 1295
946.5471 916.1102 88.3056 104.3611 1296
963.6985 882.4629 92.3194 104.3611 1297
980.8667 848.7864 96.3333 104.3611 1298
998.0548 815.1058 100.3472 104.3611 1299
1015.2815 781.4131 104.3611 104.3611 1300
1032.4731 747.7102 108.3750 104.3611 1301
1049.6667 714.0035 112.3889 104.3611 1302
1066.8408 680.4017 116.4028 104.3611 1303
1084.0402 646.7609 120.4167 104.3611 1304
1101.2407 613.1121 124.4306 104.3611 1305
1118.4775 579.5152 128.4444 104.3611 1306
1135.7039 545.9802 132.4583 104.3611 1307
1152.9626 512.4845 136.4722 104.3611 1308
1170.2200 479.0644 140.4861 104.3611 1309
1187.4625 445.7337 144.5000 104.3611 1310
1204.7064 412.4873 148.5139 104.3611 1311
844.2126 1201.6930 56.1944 108.3750 1337
861.0795 1168.3359 60.2083 108.3750 1338
877.9780 1134.8992 64.2222 108.3750 1339
894.9147 1101.3785 68.2361 108.3750 1340
911.8668 1067.8208 72.2500 108.3750 1341
928.8784 1034.2369 76.2639 108.3750 1342
945.9026 1000.5929 80.2778 108.3750 1343
962.9619 966.9233 84.2917 108.3750 1344
980.0712 933.2773 88.3056 108.3750 1345
997.2481 899.6129 92.3194 108.3750 1346
1014.4209 865.9381 96.3333 108.3750 1347
1031.6307 832.2454 100.3472 108.3750 1348
1048.8672 798.5349 104.3611 108.3750 1349
1066.0732 764.8245 108.3750 108.3750 1350
1083.2812 731.0922 112.3889 108.3750 1351
1100.4480 697.4825 116.4028 108.3750 1352
1117.6434 663.8342 120.4167 108.3750 1353
1134.8606 630.1547 124.4306 108.3750 1354
1152.0916 596.5330 128.4444 108.3750 1355
1169.3232 562.9769 132.4583 108.3750 1356
1186.5619 529.4612 136.4722 108.3750 1357
1203.8177 496.0029 140.4861 108.3750 1358
1221.0509 462.6312 144.5000 108.3750 1359
1238.2970 429.3515 148.5139 108.3750 1360
877.5426 1218.9392 56.1944 112.3889 1386
894.4564 1185.5566 60.2083 112.3889 1387
911.3967 1152.1060 64.2222 112.3889 1388
928.3614 1118.5940 68.2361 112.3889 1389
945.3499 1085.0355 72.2500 112.3889 1390
962.3834 1051.4471 76.2639 112.3889 1391
979.4297 1017.8004 80.2778 112.3889 1392
996.5125 984.1062 84.2917 112.3889 1393
1013.6483 950.4738 88.3056 112.3889 1394
1030.8400 916.7895 92.3194 112.3889 1395
1048.0348 883.1016 96.3333 112.3889 1396
1065.2809 849.4302 100.3472 112.3889 1397
1082.5081 815.7018 104.3611 112.3889 1398
1099.7271 781.9771 108.3750 112.3889 1399
1116.9331 748.2365 112.3889 112.3889 1400
1134.0912 714.6034 116.4028 112.3889 1401
1151.3040 680.9494 120.4167 112.3889 1402
1168.5206 647.2471 124.4306 112.3889 1403
1185.7548 613.6156 128.4444 112.3889 1404
1202.9814 580.0331 132.4583 112.3889 1405
1220.2216 546.4861 136.4722 112.3889 1406
1237.4731 513.0133 140.4861 112.3889 1407
1254.6968 479.6079 144.5000 112.3889 1408
1271.9298 446.2694 148.5139 112.3889 1409
1289.1058 413.0064 152.5278 112.3889 1410
894.0153 1269.4604 52.1806 116.4028 1434
910.9380 1236.1698 56.1944 116.4028 1435
927.8807 1202.7946 60.2083 116.4028 1436
944.8506 1169.3428 64.2222 116.4028 1437
961.8452 1135.8198 68.2361 116.4028 1438
978.8712 1102.2609 72.2500 116.4028 1439
995.9327 1068.6685 76.2639 116.4028 1440
1012.9962 1035.0128 80.2778 116.4028 1441
1030.1021 1001.3245 84.2917 116.4028 1442
1047.2562 967.6606 88.3056 116.4028 1443
1064.4672 933.9799 92.3194 116.4028 1444
1081.6847 900.2858 96.3333 116.4028 1445
1098.9449 866.6074 100.3472 116.4028 1446
1116.1880 832.8996 104.3611 116.4028 1447
1133.4047 799.1471 108.3750 116.4028 1448
1150.5991 765.4341 112.3889 116.4028 1449
1167.7811 731.7744 116.4028 116.4028 1450
1184.9929 698.0809 120.4167 116.4028 1451
1202.2113 664.3666 124.4306 116.4028 1452
1219.4446 630.7074 128.4444 116.4028 1453
1236.6555 597.1152 132.4583 116.4028 1454
1253.9075 563.5522 136.4722 116.4028 1455
1271.1440 530.0566 140.4861 116.4028 1456
1288.3788 496.6183 144.5000 116.4028 1457
1305.5852 463.2699 148.5139 116.4028 1458
1322.7501 429.9717 152.5278 116.4028 1459
927.4177 1286.7040 52.1806 120.4167 1483
944.3708 1253.4233 56.1944 120.4167 1484
961.3582 1220.0383 60.2083 120.4167 1485
978.3627 1186.5698 64.2222 120.4167 1486
995.3899 1153.0538 68.2361 120.4167 1487
1012.4280 1119.4991 72.2500 120.4167 1488
1029.5117 1085.9143 76.2639 120.4167 1489
1046.5989 1052.2375 80.2778 120.4167 1490
1063.7251 1018.5450 84.2917 120.4167 1491
1080.9083 984.8880 88.3056 120.4167 1492
1098.1327 951.1774 92.3194 120.4167 1493
1115.3767 917.4936 96.3333 120.4167 1494
1132.6165 883.8073 100.3472 120.4167 1495
1149.8809 850.0922 104.3611 120.4167 1496
1167.0934 816.3574 108.3750 120.4167 1497
1184.3225 782.6122 112.3889 120.4167 1498
1201.4969 748.9659 116.4028 120.4167 1499
1218.7100 715.2580 120.4167 120.4167 1500
1235.9285 681.5333 124.4306 120.4167 1501
1253.1544 647.8605 128.4444 120.4167 1502
1270.3774 614.2393 132.4583 120.4167 1503
1287.6102 580.6652 136.4722 120.4167 1504
1304.8666 547.1332 140.4861 120.4167 1505
1322.0714 513.6945 144.5000 120.4167 1506
1339.2720 480.3114 148.5139 120.4167 1507
1356.4177 446.9735 152.5278 120.4167 1508
1373.5243 413.6930 156.5417 120.4167 1509
960.8625 1303.9568 52.1806 124.4306 1532
977.8472 1270.6538 56.1944 124.4306 1533
994.8705 1237.2723 60.2083 124.4306 1534
1011.9031 1203.8171 64.2222 124.4306 1535
1028.9535 1170.2897 68.2361 124.4306 1536
1046.0132 1136.7328 72.2500 124.4306 1537
1063.1200 1103.1434 76.2639 124.4306 1538
1080.2390 1069.4839 80.2778 124.4306 1539
1097.3942 1035.7791 84.2917 124.4306 1540
1114.5776 1002.1127 88.3056 124.4306 1541
1131.8250 968.4223 92.3194 124.4306 1542
1149.0627 934.7116 96.3333 124.4306 1543
1166.3206 901.0215 100.3472 124.4306 1544
1183.5669 867.3040 104.3611 124.4306 1545
1200.8116 833.5610 108.3750 124.4306 1546
1218.0344 799.8184 112.3889 124.4306 1547
1235.2236 766.1617 116.4028 124.4306 1548
1252.4521 732.4617 120.4167 124.4306 1549
1269.6604 698.7247 124.4306 124.4306 1550
1286.9033 665.0369 128.4444 124.4306 1551
1304.1183 631.4055 132.4583 124.4306 1552
1321.3627 597.8142 136.4722 124.4306 1553
1338.5837 564.2705 140.4861 124.4306 1554
1355.7871 530.8152 144.5000 124.4306 1555
1372.9751 497.4002 148.5139 124.4306 1556
1390.1047 464.0335 152.5278 124.4306 1557
1407.1912 430.7260 156.5417 124.4306 1558
977.3246 1354.4197 48.1667 128.4444 1580
994.3233 1321.1801 52.1806 128.4444 1581
1011.3445 1287.8993 56.1944 128.4444 1582
1028.3948 1254.5077 60.2083 128.4444 1583
1045.4531 1221.0428 64.2222 128.4444 1584
1062.5231 1187.5250 68.2361 128.4444 1585
1079.6053 1153.9711 72.2500 128.4444 1586
1096.7477 1120.3798 76.2639 128.4444 1587
1113.8909 1086.7184 80.2778 128.4444 1588
1131.0547 1053.0194 84.2917 128.4444 1589
1148.2621 1019.3573 88.3056 128.4444 1590
1165.5020 985.6501 92.3194 128.4444 1591
1182.7512 951.9432 96.3333 128.4444 1592
1200.0176 918.2458 100.3472 128.4444 1593
1217.2816 884.5314 104.3611 128.4444 1594
1234.5187 850.7853 108.3750 128.4444 1595
1251.7412 817.0310 112.3889 128.4444 1596
1268.9493 783.3763 116.4028 128.4444 1597
1286.1678 749.6593 120.4167 128.4444 1598
1303.3982 715.9362 124.4306 128.4444 1599
1320.6293 682.2247 128.4444 128.4444 1600
1337.8518 648.5728 132.4583 128.4444 1601
1355.0640 614.9764 136.4722 128.4444 1602
1372.2987 581.4271 140.4861 128.4444 1603
1389.4730 547.9610 144.5000 128.4444 1604
1406.6576 514.5237 148.5139 128.4444 1605
1423.7808 481.1234 152.5278 128.4444 1606
1440.8574 447.8091 156.5417 128.4444 1607
1010.6994 1371.5941 48.1667 132.4583 1629
1027.7288 1338.3623 52.1806 132.4583 1630
1044.7870 1305.0728 56.1944 132.4583 1631
1061.8621 1271.6992 60.2083 132.4583 1632
1078.9481 1238.2284 64.2222 132.4583 1633
1096.0472 1204.7236 68.2361 132.4583 1634
1113.1675 1171.1650 72.2500 132.4583 1635
1130.3251 1137.5780 76.2639 132.4583 1636
1147.4729 1103.9266 80.2778 132.4583 1637
1164.6520 1070.2129 84.2917 132.4583 1638
1268.1738 867.9908 108.3750 132.4583 1639
1285.4188 834.2203 112.3889 132.4583 1640
1302.5955 800.5618 116.4028 132.4583 1641
1319.8301 766.8439 120.4167 132.4583 1642
1337.0503 733.0989 124.4306 132.4583 1643
1354.2922 699.4135 128.4444 132.4583 1644
1371.4906 665.7529 132.4583 132.4583 1645
1388.7057 632.1211 136.4722 132.4583 1646
1405.9332 598.5634 140.4861 132.4583 1647
1423.1056 565.0805 144.5000 132.4583 1648
1440.2848 531.6388 148.5139 132.4583 1649
1457.3943 498.2339 152.5278 132.4583 1650
1474.4388 464.8967 156.5417 132.4583 1651
1044.1998 1388.8097 48.1667 136.4722 1673
1061.2526 1355.5773 52.1806 136.4722 1674
1078.3374 1322.2975 56.1944 136.4722 1675
1095.4385 1288.9286 60.2083 136.4722 1676
1112.5490 1255.4673 64.2222 136.4722 1677
1129.6748 1221.9561 68.2361 136.4722 1678
1146.8188 1188.4080 72.2500 136.4722 1679
1163.9835 1154.8262 76.2639 136.4722 1680
1181.1481 1121.1613 80.2778 136.4722 1681
1198.3470 1087.4718 84.2917 136.4722 1682
1301.9386 885.2405 108.3750 136.4722 1683
1319.1802 851.4908 112.3889 136.4722 1684
1336.3754 817.8236 116.4028 136.4722 1685
1353.5897 784.0767 120.4167 136.4722 1686
1370.8174 750.3380 124.4306 136.4722 1687
1388.0436 716.6511 128.4444 136.4722 1688
1405.2424 682.9982 132.4583 136.4722 1689
1422.4587 649.3593 136.4722 136.4722 1690
1439.6448 615.7797 140.4861 136.4722 1691
1456.8208 582.2752 144.5000 136.4722 1692
1473.9784 548.8325 148.5139 136.4722 1693
1491.0649 515.4125 152.5278 136.4722 1694
1508.0966 482.0468 156.5417 136.4722 1695
1077.7069 1406.0009 48.1667 140.4861 1717
1094.7896 1372.7832 52.1806 140.4861 1718
1111.9016 1339.5067 56.1944 140.4861 1719
1129.0249 1306.1307 60.2083 140.4861 1720
1146.1594 1272.6892 64.2222 140.4861 1721
1163.3063 1239.1694 68.2361 140.4861 1722
1180.4590 1205.6299 72.2500 140.4861 1723
1197.6394 1172.0542 76.2639 140.4861 1724
1214.8323 1138.4054 80.2778 140.4861 1725
1232.0300 1104.7229 84.2917 140.4861 1726
1335.6918 902.4968 108.3750 140.4861 1727
1352.9436 868.7498 112.3889 140.4861 1728
1370.1300 835.0905 116.4028 140.4861 1729
1387.3702 801.3486 120.4167 140.4861 1730
1404.5652 767.5942 124.4306 140.4861 1731
1421.7766 733.9099 128.4444 140.4861 1732
1438.9730 700.2363 132.4583 140.4861 1733
1456.1836 666.6014 136.4722 140.4861 1734
1473.3804 633.0231 140.4861 140.4861 1735
1490.5267 599.5133 144.5000 140.4861 1736
1507.6652 566.0420 148.5139 140.4861 1737
1524.7393 532.6149 152.5278 140.4861 1738
1541.7521 499.2363 156.5417 140.4861 1739
1128.3396 1389.9702 52.1806 144.5000 1762
1145.4707 1356.6979 56.1944 144.5000 1763
1162.6185 1323.3389 60.2083 144.5000 1764
1179.7740 1289.9061 64.2222 144.5000 1765
1196.9408 1256.3962 68.2361 144.5000 1766
1214.1091 1222.8630 72.2500 144.5000 1767
1231.3210 1189.2749 76.2639 144.5000 1768
1248.5093 1155.6410 80.2778 144.5000 1769
1265.7288 1121.9752 84.2917 144.5000 1770
1369.4408 919.7560 108.3750 144.5000 1771
1386.6823 886.0138 112.3889 144.5000 1772
1403.8756 852.3541 116.4028 144.5000 1773
1421.0972 818.6218 120.4167 144.5000 1774
1438.3047 784.8748 124.4306 144.5000 1775
1455.5007 751.1583 128.4444 144.5000 1776
1472.6882 717.5013 132.4583 144.5000 1777
1489.9003 683.8666 136.4722 144.5000 1778
1507.0746 650.2686 140.4861 144.5000 1779
1524.2219 616.7562 144.5000 144.5000 1780
1541.3412 583.2824 148.5139 144.5000 1781
1558.3926 549.8478 152.5278 144.5000 1782
1575.3839 516.4684 156.5417 144.5000 1783
1161.8916 1407.1189 52.1806 148.5139 1806
1179.0403 1373.8792 56.1944 148.5139 1807
1196.2114 1340.5217 60.2083 148.5139 1808
1213.3966 1307.0914 64.2222 148.5139 1809
1230.5713 1273.5983 68.2361 148.5139 1810
1247.7646 1240.0637 72.2500 148.5139 1811
1264.9879 1206.5044 76.2639 148.5139 1812
1282.1946 1172.8876 80.2778 148.5139 1813
1299.4347 1139.2086 84.2917 148.5139 1814
1403.1664 937.0216 108.3750 148.5139 1815
1420.4113 903.2775 112.3889 148.5139 1816
1437.5958 869.6210 116.4028 148.5139 1817
1454.8215 835.9016 120.4167 148.5139 1818
1472.0188 802.1383 124.4306 148.5139 1819
1489.2299 768.4402 128.4444 148.5139 1820
1506.4138 734.7703 132.4583 148.5139 1821
1523.5898 701.1254 136.4722 148.5139 1822
1540.7543 667.5346 140.4861 148.5139 1823
1557.8833 634.0175 144.5000 148.5139 1824
1574.9823 600.5333 148.5139 148.5139 1825
1592.0156 567.0847 152.5278 148.5139 1826
1608.9785 533.6945 156.5417 148.5139 1827
1195.4332 1424.2529 52.1806 152.5278 1850
1212.6047 1391.0188 56.1944 152.5278 1851
1229.8132 1357.6890 60.2083 152.5278 1852
1247.0051 1324.2684 64.2222 152.5278 1853
1264.2064 1290.8032 68.2361 152.5278 1854
1281.4199 1257.2722 72.2500 152.5278 1855
1298.6478 1223.7170 76.2639 152.5278 1856
1315.8788 1190.0894 80.2778 152.5278 1857
1333.1187 1156.4558 84.2917 152.5278 1858
1350.3976 1122.8267 88.3056 152.5278 1859
1367.7017 1089.1353 92.3194 152.5278 1860
1385.0005 1055.4501 96.3333 152.5278 1861
1402.3260 1021.7569 100.3472 152.5278 1862
1419.6232 988.0369 104.3611 152.5278 1863
1436.8977 954.2860 108.3750 152.5278 1864
1454.1285 920.5497 112.3889 152.5278 1865
1471.3158 886.9022 116.4028 152.5278 1866
1488.5380 853.1625 120.4167 152.5278 1867
1505.7391 819.4238 124.4306 152.5278 1868
1522.9331 785.7288 128.4444 152.5278 1869
1540.1008 752.0486 132.4583 152.5278 1870
1557.2738 718.4138 136.4722 152.5278 1871
1574.4244 684.8196 140.4861 152.5278 1872
1591.5232 651.2939 144.5000 152.5278 1873
1608.6075 617.8109 148.5139 152.5278 1874
1625.6157 584.3597 152.5278 152.5278 1875
1642.5621 550.9624 156.5417 152.5278 1876
1228.9833 1441.3668 52.1806 156.5417 1899
1246.1805 1408.1494 56.1944 156.5417 1900
1263.3995 1374.8435 60.2083 156.5417 1901
1280.6044 1341.4388 64.2222 156.5417 1902
1297.8335 1307.9834 68.2361 156.5417 1903
1315.0499 1274.4670 72.2500 156.5417 1904
1332.3080 1240.9269 76.2639 156.5417 1905
1349.5331 1207.3130 80.2778 156.5417 1906
1366.7980 1173.6699 84.2917 156.5417 1907
1384.0778 1140.0504 88.3056 156.5417 1908
1401.4028 1106.3881 92.3194 156.5417 1909
1418.7068 1072.6947 96.3333 156.5417 1910
1436.0234 1039.0121 100.3472 156.5417 1911
1453.3324 1005.2911 104.3611 156.5417 1912
1470.5861 971.5544 108.3750 156.5417 1913
1487.8375 937.8282 112.3889 156.5417 1914
1505.0178 904.1595 116.4028 156.5417 1915
1522.2430 870.4451 120.4167 156.5417 1916
1539.4244 836.6926 124.4306 156.5417 1917
1556.5930 802.9984 128.4444 156.5417 1918
1573.7631 769.3293 132.4583 156.5417 1919
1590.9257 735.6849 136.4722 156.5417 1920
1608.0538 702.0944 140.4861 156.5417 1921
1625.1440 668.5767 144.5000 156.5417 1922
1642.2091 635.0850 148.5139 156.5417 1923
1659.1926 601.6349 152.5278 156.5417 1924
1279.7122 1425.2377 56.1944 160.5556 1949
1296.9587 1391.9586 60.2083 160.5556 1950
1314.1859 1358.5708 64.2222 160.5556 1951
1331.4287 1325.1189 68.2361 160.5556 1952
1348.6603 1291.6204 72.2500 160.5556 1953
1365.9325 1258.0950 76.2639 160.5556 1954
1383.1746 1224.4982 80.2778 160.5556 1955
1400.4403 1190.8776 84.2917 160.5556 1956
1417.7344 1157.2660 88.3056 160.5556 1957
1435.0637 1123.6122 92.3194 160.5556 1958
1452.3798 1089.9456 96.3333 160.5556 1959
1469.6934 1056.2598 100.3472 160.5556 1960
1486.9961 1022.5391 104.3611 160.5556 1961
1504.2660 988.8149 108.3750 160.5556 1962
1521.5062 955.0797 112.3889 160.5556 1963
1538.6843 921.4350 116.4028 160.5556 1964
1555.9021 887.7039 120.4167 160.5556 1965
1573.0574 853.9757 124.4306 160.5556 1966
1590.2428 820.2638 128.4444 160.5556 1967
1607.3829 786.6017 132.4583 160.5556 1968
1624.5336 752.9705 136.4722 160.5556 1969
1641.6525 719.3878 140.4861 160.5556 1970
1658.7179 685.8699 144.5000 160.5556 1971
1675.7539 652.3765 148.5139 160.5556 1972
1692.7150 618.9282 152.5278 160.5556 1973
1313.2657 1442.3180 56.1944 164.5694 1998
1330.5232 1409.0564 60.2083 164.5694 1999
1347.7797 1375.6965 64.2222 164.5694 2000
1365.0303 1342.2797 68.2361 164.5694 2001
1382.2887 1308.7994 72.2500 164.5694 2002
1399.5563 1275.2701 76.2639 164.5694 2003
1416.8259 1241.6903 80.2778 164.5694 2004
1434.0836 1208.0691 84.2917 164.5694 2005
1451.3950 1174.4791 88.3056 164.5694 2006
1468.7212 1140.8412 92.3194 164.5694 2007
1486.0387 1107.1722 96.3333 164.5694 2008
1503.3781 1073.5161 100.3472 164.5694 2009
1520.6824 1039.8094 104.3611 164.5694 2010
1537.9514 1006.0747 108.3750 164.5694 2011
1555.1835 972.3489 112.3889 164.5694 2012
1572.3623 938.6981 116.4028 164.5694 2013
1589.5541 904.9982 120.4167 164.5694 2014
1606.7188 871.2524 124.4306 164.5694 2015
1623.8912 837.5579 128.4444 164.5694 2016
1641.0198 803.8953 132.4583 164.5694 2017
1658.1406 770.2563 136.4722 164.5694 2018
1675.2434 736.6806 140.4861 164.5694 2019
1692.2925 703.1581 144.5000 164.5694 2020
1709.3014 669.6807 148.5139 164.5694 2021
1364.0804 1426.1290 60.2083 168.5833 2048
1381.3599 1392.8051 64.2222 168.5833 2049
1398.6188 1359.4076 68.2361 168.5833 2050
1415.8920 1325.9463 72.2500 168.5833 2051
1433.1791 1292.4363 76.2639 168.5833 2052
1450.4434 1258.8722 80.2778 168.5833 2053
1467.7196 1225.2548 84.2917 168.5833 2054
1485.0314 1191.6752 88.3056 168.5833 2055
1502.3722 1158.0493 92.3194 168.5833 2056
1519.6859 1124.4066 96.3333 168.5833 2057
1537.0226 1090.7538 100.3472 168.5833 2058
1554.3412 1057.0544 104.3611 168.5833 2059
1571.6006 1023.3454 108.3750 168.5833 2060
1588.8302 989.6189 112.3889 168.5833 2061
1606.0052 955.9805 116.4028 168.5833 2062
1623.1976 922.2632 120.4167 168.5833 2063
1640.3596 888.5395 124.4306 168.5833 2064
1657.4999 854.8492 128.4444 168.5833 2065
1674.6097 821.1822 132.4583 168.5833 2066
1691.7233 787.5620 136.4722 168.5833 2067
1708.7976 753.9849 140.4861 168.5833 2068
1725.8135 720.4697 144.5000 168.5833 2069
1742.7974 686.9995 148.5139 168.5833 2070
1414.9127 1409.8802 64.2222 172.5972 2098
1432.1885 1376.5017 68.2361 172.5972 2099
1449.4728 1343.0603 72.2500 172.5972 2100
1466.7740 1309.5730 76.2639 172.5972 2101
1484.0386 1276.0276 80.2778 172.5972 2102
1501.3385 1242.4415 84.2917 172.5972 2103
1518.6425 1208.8724 88.3056 172.5972 2104
1535.9923 1175.2444 92.3194 172.5972 2105
1553.3256 1141.6116 96.3333 172.5972 2106
1570.6517 1107.9813 100.3472 172.5972 2107
1587.9615 1074.2900 104.3611 172.5972 2108
1605.2322 1040.5873 108.3750 172.5972 2109
1622.4559 1006.8796 112.3889 172.5972 2110
1639.6095 973.2332 116.4028 172.5972 2111
1656.7993 939.5393 120.4167 172.5972 2112
1673.9430 905.8209 124.4306 172.5972 2113
1691.0640 872.1256 128.4444 172.5972 2114
1708.1658 838.4741 132.4583 172.5972 2115
1725.2523 804.8630 136.4722 172.5972 2116
1742.3096 771.2842 140.4861 172.5972 2117
1759.2985 737.7841 144.5000 172.5972 2118
1465.7230 1393.5635 68.2361 176.6111 2148
1483.0131 1360.1417 72.2500 176.6111 2149
1500.3334 1326.6882 76.2639 176.6111 2150
1517.6045 1293.1576 80.2778 176.6111 2151
1534.9119 1259.5902 84.2917 176.6111 2152
1552.2352 1226.0345 88.3056 176.6111 2153
1569.5742 1192.4324 92.3194 176.6111 2154
1586.9153 1158.8140 96.3333 176.6111 2155
1604.2428 1125.1758 100.3472 176.6111 2156
1621.5481 1091.5111 104.3611 176.6111 2157
1638.8113 1057.8171 108.3750 176.6111 2158
1656.0278 1024.1180 112.3889 176.6111 2159
1673.1871 990.4896 116.4028 176.6111 2160
1690.3647 956.8030 120.4167 176.6111 2161
1707.4886 923.0876 124.4306 176.6111 2162
1724.5952 889.4130 128.4444 176.6111 2163
1741.6736 855.7593 132.4583 176.6111 2164
1758.7280 822.1471 136.4722 176.6111 2165
1775.7628 788.5876 140.4861 176.6111 2166
1516.5198 1377.2076 72.2500 180.6250 2198
1533.8440 1343.7740 76.2639 180.6250 2199
1551.1324 1310.2646 80.2778 180.6250 2200
1568.4480 1276.7169 84.2917 180.6250 2201
1585.7802 1243.1758 88.3056 180.6250 2202
1603.1302 1209.5890 92.3194 180.6250 2203
1620.4639 1175.9915 96.3333 180.6250 2204
1637.7977 1142.3782 100.3472 180.6250 2205
1655.0919 1108.7128 104.3611 180.6250 2206
1672.3572 1075.0287 108.3750 180.6250 2207
1689.5652 1041.3353 112.3889 180.6250 2208
1706.7092 1007.7202 116.4028 180.6250 2209
1723.8743 974.0460 120.4167 180.6250 2210
1740.9813 940.3517 124.4306 180.6250 2211
1758.0735 906.6844 128.4444 180.6250 2212
1775.1307 873.0411 132.4583 180.6250 2213
1792.1573 839.4448 136.4722 180.6250 2214
1567.3047 1360.8092 76.2639 184.6389 2248
1584.6084 1327.3386 80.2778 184.6389 2249
1601.9366 1293.8093 84.2917 184.6389 2250
1619.2782 1260.2897 88.3056 184.6389 2251
1636.6198 1226.7241 92.3194 184.6389 2252
1653.9640 1193.1289 96.3333 184.6389 2253
1671.3022 1159.5397 100.3472 184.6389 2254
1688.5900 1125.9030 104.3611 184.6389 2255
1705.8468 1092.2240 108.3750 184.6389 2256
1723.0477 1058.5436 112.3889 184.6389 2257
1740.1729 1024.9446 116.4028 184.6389 2258
1757.3232 991.2766 120.4167 184.6389 2259
1774.4188 957.5848 124.4306 184.6389 2260
1791.4858 923.9493 128.4444 184.6389 2261
1808.5105 890.3168 132.4583 184.6389 2262
1825.5286 856.7455 136.4722 184.6389 2263
1635.3695 1310.8508 84.2917 188.6528 2299
1652.7012 1277.3708 88.3056 188.6528 2300
1670.0604 1243.8237 92.3194 188.6528 2301
1687.4137 1210.2484 96.3333 188.6528 2302
1704.7344 1176.6716 100.3472 188.6528 2303
1722.0327 1143.0468 104.3611 188.6528 2304
1739.2700 1109.3964 108.3750 188.6528 2305
1756.4659 1075.7319 112.3889 188.6528 2306
1773.5701 1042.1409 116.4028 188.6528 2307
1790.6973 1008.4849 120.4167 188.6528 2308
1841.8038 907.6656 132.4583 188.6528 2311
1823.9978 1025.7153 120.4167 192.6667 2357
1840.9978 991.8870 124.4306 192.6667 2358
1857.8625 958.4014 128.4444 192.6667 2359
1874.5375 924.9119 132.4583 192.6667 2360
1754.1318 1244.1892 96.3333 196.6806 2400
1771.4803 1210.6747 100.3472 196.6806 2401
1788.7788 1177.1049 104.3611 196.6806 2402
1805.9509 1143.5515 108.3750 196.6806 2403
1787.3789 1261.5400 96.3333 200.6944 2449
1804.8010 1227.8962 100.3472 200.6944 2450
1821.8788 1194.2096 104.3611 200.6944 2451
1839.1914 1160.5717 108.3750 200.6944 2452
