23.0886 847.3477 124.4306 116.4028 1452
29.9757 806.9255 128.4444 116.4028 1453
36.8730 766.7014 132.4583 116.4028 1454
43.8268 726.7048 136.4722 116.4028 1455
50.8526 686.9762 140.4861 116.4028 1456
58.0884 647.8616 144.5000 116.4028 1457
20.7133 1140.4391 96.3333 120.4167 1494
27.4781 1099.0813 100.3472 120.4167 1495
34.2074 1057.8578 104.3611 120.4167 1496
40.9078 1016.7698 108.3750 120.4167 1497
47.5951 975.8493 112.3889 120.4167 1498
54.2855 935.1924 116.4028 120.4167 1499
60.9937 894.6270 120.4167 120.4167 1500
67.6891 854.2049 124.4306 120.4167 1501
74.4391 813.9808 128.4444 120.4167 1502
81.1818 773.9726 132.4583 120.4167 1503
87.9794 734.1608 136.4722 120.4167 1504
94.8671 694.6390 140.4861 120.4167 1505
101.7696 655.4576 144.5000 120.4167 1506
26.4272 1395.3859 72.2500 124.4306 1537
32.9587 1353.4312 76.2639 124.4306 1538
39.4575 1311.5852 80.2778 124.4306 1539
45.9740 1269.8859 84.2917 124.4306 1540
52.5348 1228.3387 88.3056 124.4306 1541
59.1292 1186.9124 92.3194 124.4306 1542
65.7195 1145.6172 96.3333 124.4306 1543
72.3497 1104.5123 100.3472 124.4306 1544
78.9414 1063.5216 104.3611 124.4306 1545
85.5002 1022.6652 108.3750 124.4306 1546
92.0482 981.9719 112.3889 124.4306 1547
98.5995 941.5344 116.4028 124.4306 1548
105.1873 901.1882 120.4167 124.4306 1549
111.7555 860.9869 124.4306 124.4306 1550
118.3644 820.9714 128.4444 124.4306 1551
124.9729 781.1586 132.4583 124.4306 1552
131.6286 741.5619 136.4722 124.4306 1553
138.3199 702.1981 140.4861 124.4306 1554
145.0888 663.1369 144.5000 124.4306 1555
152.0466 625.1613 148.5139 124.4306 1556
33.0169 1651.7386 48.1667 128.4444 1580
39.5434 1609.3097 52.1806 128.4444 1581
46.0232 1567.0713 56.1944 128.4444 1582
52.4737 1524.9279 60.2083 128.4444 1583
58.8845 1482.8584 64.2222 128.4444 1584
65.2815 1440.8813 68.2361 128.4444 1585
71.6539 1399.0585 72.2500 128.4444 1586
78.0557 1357.3584 76.2639 128.4444 1587
84.4302 1315.7710 80.2778 128.4444 1588
90.8111 1274.3033 84.2917 128.4444 1589
97.2390 1232.9980 88.3056 128.4444 1590
103.6947 1191.8134 92.3194 128.4444 1591
110.1482 1150.7671 96.3333 128.4444 1592
116.6335 1109.8918 100.3472 128.4444 1593
123.0942 1069.1222 104.3611 128.4444 1594
129.5378 1028.5037 108.3750 128.4444 1595
135.9532 988.0320 112.3889 128.4444 1596
142.3701 947.8106 116.4028 128.4444 1597
148.8267 907.6705 120.4167 128.4444 1598
155.2660 867.6836 124.4306 128.4444 1599
161.7439 827.8939 128.4444 128.4444 1600
168.2262 788.2889 132.4583 128.4444 1601
174.7463 748.8996 136.4722 128.4444 1602
181.2923 709.7217 140.4861 128.4444 1603
187.9087 670.8535 144.5000 128.4444 1604
194.8479 632.5919 148.5139 128.4444 1605
78.3900 1653.7600 48.1667 132.4583 1629
84.7905 1611.6543 52.1806 132.4583 1630
91.1380 1569.6873 56.1944 132.4583 1631
97.4477 1527.8005 60.2083 132.4583 1632
103.7226 1485.9858 64.2222 132.4583 1633
109.9745 1444.2681 68.2361 132.4583 1634
116.2179 1402.6864 72.2500 132.4583 1635
122.4861 1361.2355 76.2639 132.4583 1636
128.7139 1319.8953 80.2778 132.4583 1637
134.9710 1278.6505 84.2917 132.4583 1638
172.9311 1034.2510 108.3750 132.4583 1639
179.2198 994.0124 112.3889 132.4583 1640
185.5182 953.9934 116.4028 132.4583 1641
191.8431 914.0787 120.4167 132.4583 1642
198.1551 874.3063 124.4306 132.4583 1643
204.5089 834.7162 128.4444 132.4583 1644
210.8617 795.3263 132.4583 132.4583 1645
217.2527 756.1240 136.4722 132.4583 1646
223.6613 717.1501 140.4861 132.4583 1647
230.1029 678.4648 144.5000 132.4583 1648
236.6489 640.1942 148.5139 132.4583 1649
123.3287 1655.7834 48.1667 136.4722 1673
129.5740 1613.9929 52.1806 136.4722 1674
135.7891 1572.2823 56.1944 136.4722 1675
141.9752 1530.6359 60.2083 136.4722 1676
148.1144 1489.0819 64.2222 136.4722 1677
154.2400 1447.6338 68.2361 136.4722 1678
160.3519 1406.3044 72.2500 136.4722 1679
166.4761 1365.0811 76.2639 136.4722 1680
172.5770 1323.9766 80.2778 136.4722 1681
178.7015 1282.9736 84.2917 136.4722 1682
215.9031 1039.9518 108.3750 136.4722 1683
222.0795 999.9309 112.3889 136.4722 1684
228.2688 960.1221 116.4028 136.4722 1685
234.4665 920.4336 120.4167 136.4722 1686
240.6569 880.8700 124.4306 136.4722 1687
246.8920 841.4932 128.4444 136.4722 1688
253.1204 802.3045 132.4583 136.4722 1689
259.3846 763.3146 136.4722 136.4722 1690
265.6588 724.5330 140.4861 136.4722 1691
271.9525 686.0306 144.5000 136.4722 1692
278.3436 647.9091 148.5139 136.4722 1693
161.5583 1699.5436 44.1528 140.4861 1716
167.6828 1657.8054 48.1667 140.4861 1717
173.8031 1616.2943 52.1806 140.4861 1718
179.8902 1574.8412 56.1944 140.4861 1719
185.9437 1533.4623 60.2083 140.4861 1720
191.9655 1492.1561 64.2222 140.4861 1721
197.9627 1450.9688 68.2361 140.4861 1722
203.9451 1409.8883 72.2500 140.4861 1723
209.9510 1368.9069 76.2639 140.4861 1724
215.9168 1328.0288 80.2778 140.4861 1725
221.9108 1287.2557 84.2917 140.4861 1726
258.3911 1045.5712 108.3750 140.4861 1727
264.4637 1005.7636 112.3889 140.4861 1728
270.5150 966.2001 116.4028 140.4861 1729
276.6042 926.6974 120.4167 140.4861 1730
282.6702 887.3536 124.4306 140.4861 1731
288.7827 848.1826 128.4444 140.4861 1732
294.8882 809.1994 132.4583 140.4861 1733
301.0251 770.4221 136.4722 140.4861 1734
307.1809 731.8553 140.4861 140.4861 1735
313.3377 693.5347 144.5000 140.4861 1736
319.6189 655.6395 148.5139 140.4861 1737
205.4441 1701.2930 44.1528 144.5000 1760
211.4753 1659.8027 48.1667 144.5000 1761
217.4714 1618.5601 52.1806 144.5000 1762
223.4360 1577.3718 56.1944 144.5000 1763
229.3679 1536.2363 60.2083 144.5000 1764
235.2672 1495.1896 64.2222 144.5000 1765
241.1454 1454.2512 68.2361 144.5000 1766
247.0123 1413.4247 72.2500 144.5000 1767
252.8991 1372.6721 76.2639 144.5000 1768
258.7457 1332.0403 80.2778 144.5000 1769
264.6185 1291.5017 84.2917 144.5000 1770
300.3952 1051.1387 108.3750 144.5000 1771
306.3461 1011.5456 112.3889 144.5000 1772
312.2841 972.1926 116.4028 144.5000 1773
318.2622 932.9232 120.4167 144.5000 1774
324.2120 893.7755 124.4306 144.5000 1775
330.1927 854.8172 128.4444 144.5000 1776
336.1770 816.0324 132.4583 144.5000 1777
342.2000 777.4553 136.4722 144.5000 1778
348.2253 739.0949 140.4861 144.5000 1779
354.2658 700.9774 144.5000 144.5000 1780
360.3940 663.2130 148.5139 144.5000 1781
248.6377 1703.0348 44.1528 148.5139 1804
260.5975 1620.8029 52.1806 148.5139 1806
266.4489 1579.8693 56.1944 148.5139 1807
272.2591 1538.9878 60.2083 148.5139 1808
278.0475 1498.1855 64.2222 148.5139 1809
283.8217 1457.4989 68.2361 148.5139 1810
289.5753 1416.9152 72.2500 148.5139 1811
295.3477 1376.4149 76.2639 148.5139 1812
301.0759 1336.0068 80.2778 148.5139 1813
306.8371 1295.6936 84.2917 148.5139 1814
341.9348 1056.6614 108.3750 148.5139 1815
347.7651 1017.2720 112.3889 148.5139 1816
353.5967 978.1193 116.4028 148.5139 1817
359.4513 939.0583 120.4167 148.5139 1818
365.2799 900.1325 124.4306 148.5139 1819
371.1438 861.3787 128.4444 148.5139 1820
377.0141 822.8000 132.4583 148.5139 1821
382.9141 784.4225 136.4722 148.5139 1822
388.8158 746.2563 140.4861 148.5139 1823
394.7408 708.3498 144.5000 148.5139 1824
400.6891 670.8283 148.5139 148.5139 1825
291.4384 1704.7206 44.1528 152.5278 1848
297.4181 1663.7186 48.1667 152.5278 1849
303.1985 1623.0024 52.1806 152.5278 1850
308.9434 1582.3269 56.1944 152.5278 1851
314.6460 1541.6940 60.2083 152.5278 1852
320.3266 1501.1400 64.2222 152.5278 1853
325.9857 1460.6875 68.2361 152.5278 1854
331.6372 1420.3536 72.2500 152.5278 1855
337.3058 1380.0876 76.2639 152.5278 1856
342.9298 1339.9253 80.2778 152.5278 1857
348.5738 1299.8510 84.2917 152.5278 1858
354.2751 1259.9397 88.3056 152.5278 1859
360.0172 1220.1078 92.3194 152.5278 1860
365.7486 1180.4344 96.3333 152.5278 1861
371.5162 1140.8812 100.3472 152.5278 1862
377.2728 1101.4208 104.3611 152.5278 1863
382.9957 1062.1062 108.3750 152.5278 1864
388.7309 1022.9302 112.3889 152.5278 1865
394.4469 983.9998 116.4028 152.5278 1866
400.1817 945.1348 120.4167 152.5278 1867
405.9059 906.4263 124.4306 152.5278 1868
411.6443 867.8830 128.4444 152.5278 1869
417.4077 829.4965 132.4583 152.5278 1870
423.1631 791.3227 136.4722 152.5278 1871
428.9522 753.3538 140.4861 152.5278 1872
434.7710 715.6559 144.5000 152.5278 1873
440.5721 678.3867 148.5139 152.5278 1874
333.6896 1706.3873 44.1528 156.5417 1897
339.6100 1665.6404 48.1667 156.5417 1898
345.2998 1625.1575 52.1806 156.5417 1899
350.9339 1584.7449 56.1944 156.5417 1900
356.5350 1544.3744 60.2083 156.5417 1901
362.1074 1504.0609 64.2222 156.5417 1902
367.6615 1463.8535 68.2361 156.5417 1903
373.2131 1423.7390 72.2500 156.5417 1904
378.7771 1383.7213 76.2639 156.5417 1905
384.3020 1343.7827 80.2778 156.5417 1906
389.8474 1303.9457 84.2917 156.5417 1907
395.4488 1264.2552 88.3056 156.5417 1908
401.0720 1224.6437 92.3194 156.5417 1909
406.6950 1185.1805 96.3333 156.5417 1910
412.3719 1145.8555 100.3472 156.5417 1911
418.0130 1106.6008 104.3611 156.5417 1912
423.6283 1067.4985 108.3750 156.5417 1913
429.2450 1028.5347 112.3889 156.5417 1914
434.8522 989.8007 116.4028 156.5417 1915
440.4730 951.1484 120.4167 156.5417 1916
446.0687 912.6358 124.4306 156.5417 1917
451.7059 874.2908 128.4444 156.5417 1918
457.3385 836.1178 132.4583 156.5417 1919
462.9863 798.1436 136.4722 156.5417 1920
468.6485 760.3851 140.4861 156.5417 1921
474.3669 722.9343 144.5000 156.5417 1922
480.4471 686.5742 148.5139 156.5417 1923
381.2547 1667.5876 48.1667 160.5556 1947
392.4089 1587.1172 56.1944 160.5556 1949
397.9148 1547.0004 60.2083 160.5556 1950
403.3956 1506.9430 64.2222 160.5556 1951
408.8528 1466.9633 68.2361 160.5556 1952
414.3003 1427.0833 72.2500 160.5556 1953
419.7598 1387.3016 76.2639 160.5556 1954
425.1767 1347.5862 80.2778 160.5556 1955
430.6305 1307.9810 84.2917 160.5556 1956
436.1336 1268.5123 88.3056 160.5556 1957
441.6617 1229.1256 92.3194 160.5556 1958
447.1781 1189.8837 96.3333 160.5556 1959
452.7504 1150.7443 100.3472 160.5556 1960
458.2938 1111.7209 104.3611 160.5556 1961
463.8106 1072.8336 108.3750 160.5556 1962
469.3118 1034.0659 112.3889 160.5556 1963
474.7997 995.5558 116.4028 160.5556 1964
480.3078 957.0986 120.4167 160.5556 1965
485.7932 918.7898 124.4306 160.5556 1966
491.3135 880.6387 128.4444 160.5556 1967
496.8261 842.6858 132.4583 160.5556 1968
502.3618 804.9175 136.4722 160.5556 1969
507.9220 767.3411 140.4861 160.5556 1970
513.5118 730.1234 144.5000 160.5556 1971
518.8969 693.4854 148.5139 160.5556 1972
422.3931 1669.3971 48.1667 164.5694 1996
427.9835 1629.3021 52.1806 164.5694 1997
433.4254 1589.4618 56.1944 164.5694 1998
438.8513 1549.5802 60.2083 164.5694 1999
444.2343 1509.7661 64.2222 164.5694 2000
449.5941 1470.0282 68.2361 164.5694 2001
454.9490 1430.3885 72.2500 164.5694 2002
460.3160 1390.8306 76.2639 164.5694 2003
465.6458 1351.3508 80.2778 164.5694 2004
470.9984 1311.9655 84.2917 164.5694 2005
476.4051 1272.7123 88.3056 164.5694 2006
481.8411 1233.5526 92.3194 164.5694 2007
487.2660 1194.5154 96.3333 164.5694 2008
492.7215 1155.5990 100.3472 164.5694 2009
498.1583 1116.7847 104.3611 164.5694 2010
503.5674 1078.0933 108.3750 164.5694 2011
508.9631 1039.5541 112.3889 164.5694 2012
514.3458 1001.2454 116.4028 164.5694 2013
519.7435 963.0052 120.4167 164.5694 2014
525.1142 924.8932 124.4306 164.5694 2015
530.5188 886.9473 128.4444 164.5694 2016
535.9151 849.1868 132.4583 164.5694 2017
541.3228 811.6124 136.4722 164.5694 2018
546.7896 774.3075 140.4861 164.5694 2019
552.2551 737.4457 144.5000 164.5694 2020
463.2921 1671.3943 48.1667 168.5833 2045
468.6223 1631.3466 52.1806 168.5833 2046
473.9876 1591.7010 56.1944 168.5833 2047
479.3186 1552.1140 60.2083 168.5833 2048
484.6128 1512.5459 64.2222 168.5833 2049
489.8934 1473.0448 68.2361 168.5833 2050
495.1504 1433.6317 72.2500 168.5833 2051
500.4236 1394.3086 76.2639 168.5833 2052
505.6591 1355.0490 80.2778 168.5833 2053
510.9258 1315.8947 84.2917 168.5833 2054
516.2364 1276.8685 88.3056 168.5833 2055
521.5645 1237.9232 92.3194 168.5833 2056
526.8995 1199.0891 96.3333 168.5833 2057
532.2568 1160.4026 100.3472 168.5833 2058
537.5926 1121.7902 104.3611 168.5833 2059
542.9000 1083.3219 108.3750 168.5833 2060
548.1779 1044.9949 112.3889 168.5833 2061
553.4576 1006.8704 116.4028 168.5833 2062
558.7570 968.8318 120.4167 168.5833 2063
564.0169 930.9269 124.4306 168.5833 2064
569.3002 893.1824 128.4444 168.5833 2065
574.5690 855.6279 132.4583 168.5833 2066
585.2303 781.2012 140.4861 168.5833 2068
590.4794 744.7090 144.5000 168.5833 2069
514.0762 1593.8923 56.1944 172.5972 2096
519.3400 1554.5818 60.2083 172.5972 2097
524.5272 1515.2750 64.2222 172.5972 2098
529.7209 1476.0176 68.2361 172.5972 2099
534.9019 1436.8403 72.2500 172.5972 2100
540.0800 1397.7321 76.2639 172.5972 2101
545.2311 1358.6982 80.2778 172.5972 2102
550.4063 1319.7625 84.2917 172.5972 2103
555.6200 1280.9590 88.3056 172.5972 2104
560.8580 1242.2283 92.3194 172.5972 2105
566.0913 1203.6139 96.3333 172.5972 2106
571.3585 1165.1232 100.3472 172.5972 2107
576.5890 1126.7421 104.3611 172.5972 2108
581.7949 1088.4829 108.3750 172.5972 2109
586.9805 1050.3539 112.3889 172.5972 2110
592.1396 1012.4424 116.4028 172.5972 2111
597.3287 974.5812 120.4167 172.5972 2112
602.4891 936.8995 124.4306 172.5972 2113
607.6437 899.3742 128.4444 172.5972 2114
558.8796 1556.9236 60.2083 176.6111 2146
563.9981 1517.9475 64.2222 176.6111 2147
569.0889 1478.9380 68.2361 176.6111 2148
574.1840 1439.9829 72.2500 176.6111 2149
579.2927 1401.1041 76.2639 176.6111 2150
584.3628 1362.3069 80.2778 176.6111 2151
589.4435 1323.5790 84.2917 176.6111 2152
594.5624 1284.9960 88.3056 176.6111 2153
599.7093 1246.4812 92.3194 176.6111 2154
604.8565 1208.0814 96.3333 176.6111 2155
610.0165 1169.8033 100.3472 176.6111 2156
615.1614 1131.6240 104.3611 176.6111 2157
620.2675 1093.5699 108.3750 176.6111 2158
625.3539 1055.6626 112.3889 176.6111 2159
630.4146 1017.9560 116.4028 176.6111 2160
635.4910 980.3065 120.4167 176.6111 2161
640.5148 942.8124 124.4306 176.6111 2162
645.5771 905.4944 128.4444 176.6111 2163
613.0144 1443.0686 72.2500 180.6250 2198
618.0367 1404.4288 76.2639 180.6250 2199
623.0378 1365.8533 80.2778 180.6250 2200
628.0303 1327.3490 84.2917 180.6250 2201
633.0700 1288.9789 88.3056 180.6250 2202
638.1323 1250.6705 92.3194 180.6250 2203
643.1772 1212.4976 96.3333 180.6250 2204
648.2510 1174.4297 100.3472 180.6250 2205
653.2997 1136.4585 104.3611 180.6250 2206
658.3096 1098.6060 108.3750 180.6250 2207
663.2885 1060.9053 112.3889 180.6250 2208
668.2341 1023.4089 116.4028 180.6250 2209
673.1972 985.9728 120.4167 180.6250 2210
651.4411 1445.9813 72.2500 184.6389 2247
661.2541 1369.3309 80.2778 184.6389 2249
666.1699 1331.0474 84.2917 184.6389 2250
671.1316 1292.9049 88.3056 184.6389 2251
676.1038 1254.8170 92.3194 184.6389 2252
681.0704 1216.8478 96.3333 184.6389 2253
686.0486 1178.9867 100.3472 184.6389 2254
690.9901 1141.2189 104.3611 184.6389 2255
695.9070 1103.5842 108.3750 184.6389 2256
700.7780 1066.0845 112.3889 184.6389 2257
710.4768 991.5759 120.4167 184.6389 2259
689.3206 1448.8947 72.2500 188.6528 2296
694.2206 1410.7291 76.2639 188.6528 2297
699.0354 1372.6162 80.2778 188.6528 2298
703.8738 1334.6300 84.2917 188.6528 2299
718.5171 1221.1267 96.3333 188.6528 2302
723.4105 1183.4871 100.3472 188.6528 2303
733.0627 1108.4519 108.3750 188.6528 2305
737.8410 1071.1449 112.3889 188.6528 2306
742.6288 1034.0645 116.4028 188.6528 2307
747.4421 997.1565 120.4167 188.6528 2308
755.5714 1225.1443 96.3333 192.6667 2351
760.3641 1187.7457 100.3472 192.6667 2352
765.1421 1150.4520 104.3611 192.6667 2353
769.8756 1113.2018 108.3750 192.6667 2354
