1600.2003 592.7736 88.3056 92.3194 1149
1605.4493 554.5527 92.3194 92.3194 1150
1610.8625 516.2402 96.3333 92.3194 1151
1616.0496 748.8384 72.2500 96.3333 1194
1621.1737 711.3406 76.2639 96.3333 1195
1626.5151 673.7169 80.2778 96.3333 1196
1631.9067 635.7556 84.2917 96.3333 1197
1637.3646 597.6637 88.3056 96.3333 1198
1642.8516 559.3147 92.3194 96.3333 1199
1648.3680 520.7463 96.3333 96.3333 1200
1653.9458 482.0201 100.3472 96.3333 1201
1659.5127 443.0099 104.3611 96.3333 1202
1647.5900 791.6411 68.2361 100.3472 1242
1653.0406 754.3212 72.2500 100.3472 1243
1658.4907 716.7599 76.2639 100.3472 1244
1663.9110 678.8610 80.2778 100.3472 1245
1669.3737 640.7285 84.2917 100.3472 1246
1674.9282 602.4403 88.3056 100.3472 1247
1680.5386 563.8942 92.3194 100.3472 1248
1686.1785 525.1432 96.3333 100.3472 1249
1691.8855 486.1973 100.3472 100.3472 1250
1697.6105 447.0060 104.3611 100.3472 1251
1703.3822 407.6194 108.3750 100.3472 1252
1709.2117 368.0357 112.3889 100.3472 1253
1714.9589 328.5341 116.4028 100.3472 1254
1684.9249 797.4164 68.2361 104.3611 1291
1690.4197 759.9647 72.2500 104.3611 1292
1696.0060 722.1638 76.2639 104.3611 1293
1701.6016 684.0887 80.2778 104.3611 1294
1707.2450 645.7968 84.2917 104.3611 1295
1712.9565 607.3249 88.3056 104.3611 1296
1718.7222 568.6063 92.3194 104.3611 1297
1724.4988 529.6804 96.3333 104.3611 1298
1730.3494 490.5598 100.3472 104.3611 1299
1736.1987 451.1902 104.3611 104.3611 1300
1742.0532 411.6272 108.3750 104.3611 1301
1747.9441 371.8466 112.3889 104.3611 1302
1753.8723 331.9933 116.4028 104.3611 1303
1759.9189 291.9232 120.4167 104.3611 1304
1765.8911 251.8298 124.4306 104.3611 1305
1722.4602 803.2850 68.2361 108.3750 1340
1728.1686 765.5674 72.2500 108.3750 1341
1733.9330 727.5917 76.2639 108.3750 1342
1739.6747 689.3735 80.2778 108.3750 1343
1745.4758 650.9072 84.2917 108.3750 1344
1751.3514 612.2585 88.3056 108.3750 1345
1757.2559 573.3790 92.3194 108.3750 1346
1763.1809 534.2890 96.3333 108.3750 1347
1769.1769 494.9874 100.3472 108.3750 1348
1775.1658 455.4491 104.3611 108.3750 1349
1781.1628 415.6812 108.3750 108.3750 1350
1787.1807 375.7232 112.3889 108.3750 1351
1793.2145 335.6674 116.4028 108.3750 1352
1799.3129 295.3432 120.4167 108.3750 1353
1805.5173 254.8622 124.4306 108.3750 1354
1737.1648 957.8599 52.1806 112.3889 1385
1743.0232 921.0330 56.1944 112.3889 1386
1754.5878 846.7282 64.2222 112.3889 1388
1760.4325 809.0903 68.2361 112.3889 1389
1766.3058 771.1999 72.2500 112.3889 1390
1772.2263 733.0737 76.2639 112.3889 1391
1778.1317 694.6976 80.2778 112.3889 1392
1784.0811 656.0739 84.2917 112.3889 1393
1790.0917 617.2794 88.3056 112.3889 1394
1796.1671 578.2130 92.3194 112.3889 1395
1802.2489 538.9487 96.3333 112.3889 1396
1808.3864 499.4831 100.3472 112.3889 1397
1814.5273 459.7539 104.3611 112.3889 1398
1820.6552 419.8244 108.3750 112.3889 1399
1826.8180 379.6596 112.3889 112.3889 1400
1832.9840 339.4215 116.4028 112.3889 1401
1839.2168 298.8870 120.4167 112.3889 1402
1845.4819 258.1348 124.4306 112.3889 1403
1851.8976 217.3134 128.4444 112.3889 1404
1774.8644 964.2979 52.1806 116.4028 1434
1780.8110 927.4436 56.1944 116.4028 1435
1786.7452 890.2678 60.2083 116.4028 1436
1792.7324 852.7449 64.2222 116.4028 1437
1798.7401 814.9457 68.2361 116.4028 1438
1804.7874 776.9036 72.2500 116.4028 1439
1810.8602 738.6125 76.2639 116.4028 1440
1816.9340 700.0779 80.2778 116.4028 1441
1823.0319 661.3067 84.2917 116.4028 1442
1829.2156 622.3412 88.3056 116.4028 1443
1835.4277 583.1215 92.3194 116.4028 1444
1841.6627 543.6779 96.3333 116.4028 1445
1847.9547 504.0268 100.3472 116.4028 1446
1854.2532 464.1285 104.3611 116.4028 1447
1860.5359 424.0118 108.3750 116.4028 1448
1866.8387 383.6764 112.3889 116.4028 1449
1873.1484 343.2369 116.4028 116.4028 1450
1879.5178 302.5054 120.4167 116.4028 1451
1885.9214 261.5359 124.4306 116.4028 1452
1892.4106 220.4107 128.4444 116.4028 1453
1899.0326 179.2251 132.4583 116.4028 1454
1812.8519 970.8445 52.1806 120.4167 1483
1818.9156 933.8950 56.1944 120.4167 1484
1825.0559 896.4902 60.2083 120.4167 1485
1831.2214 858.8003 64.2222 120.4167 1486
1837.3950 820.8483 68.2361 120.4167 1487
1843.5924 782.6420 72.2500 120.4167 1488
1849.8387 744.2098 76.2639 120.4167 1489
1856.0662 705.5223 80.2778 120.4167 1490
1862.3368 666.5826 84.2917 120.4167 1491
1868.6599 627.4705 88.3056 120.4167 1492
1875.0386 588.0770 92.3194 120.4167 1493
1881.4446 548.4689 96.3333 120.4167 1494
1887.8942 508.6339 100.3472 120.4167 1495
1894.3334 468.5729 104.3611 120.4167 1496
1900.7737 428.2785 108.3750 120.4167 1497
1907.2250 387.7554 112.3889 120.4167 1498
1913.6893 347.1176 116.4028 120.4167 1499
1920.2125 306.1889 120.4167 120.4167 1500
1926.7655 265.0150 124.4306 120.4167 1501
1933.3975 223.6590 128.4444 120.4167 1502
1940.0869 182.1532 132.4583 120.4167 1503
1946.9377 140.5850 136.4722 120.4167 1504
1844.8728 1014.3361 48.1667 124.4306 1531
1851.0911 977.5340 52.1806 124.4306 1532
1857.3949 940.3105 56.1944 124.4306 1533
1863.7118 902.7490 60.2083 124.4306 1534
1870.0375 864.9136 64.2222 124.4306 1535
1876.3915 826.7961 68.2361 124.4306 1536
1882.7520 788.4530 72.2500 124.4306 1537
1889.1521 749.8573 76.2639 124.4306 1538
1895.5491 711.0118 80.2778 124.4306 1539
1901.9753 671.9196 84.2917 124.4306 1540
1908.4769 632.6392 88.3056 124.4306 1541
1915.0226 593.0883 92.3194 124.4306 1542
1921.5715 553.3194 96.3333 124.4306 1543
1928.1729 513.3188 100.3472 124.4306 1544
1934.7823 473.0709 104.3611 124.4306 1545
1941.3818 432.5863 108.3750 124.4306 1546
1947.9924 391.8958 112.3889 124.4306 1547
1954.6251 351.0687 116.4028 124.4306 1548
1961.3098 309.9384 120.4167 124.4306 1549
1968.0160 268.5555 124.4306 124.4306 1550
1974.8083 226.9892 128.4444 124.4306 1551
1981.6385 185.2233 132.4583 124.4306 1552
1988.6237 143.4102 136.4722 124.4306 1553
1995.6495 101.7749 140.4861 124.4306 1554
1883.3375 1021.1316 48.1667 128.4444 1580
1889.6965 984.1606 52.1806 128.4444 1581
1896.1823 946.7682 56.1944 128.4444 1582
1902.6825 909.0600 60.2083 128.4444 1583
1909.1737 871.0676 64.2222 128.4444 1584
1915.6859 832.7885 68.2361 128.4444 1585
1922.2250 794.2952 72.2500 128.4444 1586
1928.7919 755.5645 76.2639 128.4444 1587
1935.3451 716.5571 80.2778 128.4444 1588
1941.9343 677.2896 84.2917 128.4444 1589
1948.6013 637.8439 88.3056 128.4444 1590
1955.3152 598.1332 92.3194 128.4444 1591
1962.0303 558.2112 96.3333 128.4444 1592
1968.8022 518.0527 100.3472 128.4444 1593
1975.5697 477.6254 104.3611 128.4444 1594
1982.3408 436.9692 108.3750 128.4444 1595
1989.1107 396.0763 112.3889 128.4444 1596
1995.9054 355.0722 116.4028 128.4444 1597
2002.7578 313.7355 120.4167 128.4444 1598
2009.6285 272.1541 124.4306 128.4444 1599
2016.5790 230.3711 128.4444 128.4444 1600
2023.5825 188.3832 132.4583 128.4444 1601
2030.6947 146.2462 136.4722 128.4444 1602
2038.0074 104.1187 140.4861 128.4444 1603
1915.4318 1064.8698 44.1528 132.4583 1628
1922.0029 1027.9873 48.1667 132.4583 1629
1928.5657 990.8140 52.1806 132.4583 1630
1935.2251 953.2678 56.1944 132.4583 1631
1941.8960 915.4023 60.2083 132.4583 1632
1948.5608 877.2582 64.2222 132.4583 1633
1955.2432 838.8419 68.2361 132.4583 1634
1961.9376 800.1860 72.2500 132.4583 1635
1968.6676 761.3121 76.2639 132.4583 1636
1975.3929 722.1341 80.2778 132.4583 1637
1982.1475 682.7155 84.2917 132.4583 1638
2023.5526 441.3778 108.3750 132.4583 1639
2030.4937 400.3054 112.3889 132.4583 1640
2037.4606 359.1071 116.4028 132.4583 1641
2044.4862 317.5753 120.4167 132.4583 1642
2051.5317 275.7982 124.4306 132.4583 1643
2058.6523 233.7908 128.4444 132.4583 1644
2065.8296 191.5855 132.4583 132.4583 1645
2073.0903 149.1788 136.4722 132.4583 1646
2080.4346 106.7894 140.4861 132.4583 1647
2087.9182 64.6979 144.5000 132.4583 1648
1954.3665 1071.8494 44.1528 136.4722 1672
1967.8650 997.5134 52.1806 136.4722 1674
1974.6940 959.8113 56.1944 136.4722 1675
1981.5377 921.8099 60.2083 136.4722 1676
1988.3768 883.5276 64.2222 136.4722 1677
1995.2234 844.9667 68.2361 136.4722 1678
2002.0759 806.1556 72.2500 136.4722 1679
2008.9744 767.1299 76.2639 136.4722 1680
2015.8729 727.7964 80.2778 136.4722 1681
2022.8053 688.2017 84.2917 136.4722 1682
2065.2351 445.8413 108.3750 136.4722 1683
2072.3657 404.5916 112.3889 136.4722 1684
2079.5078 363.1930 116.4028 136.4722 1685
2086.7065 321.4771 120.4167 136.4722 1686
2093.9326 279.4940 124.4306 136.4722 1687
2101.2366 237.2737 128.4444 136.4722 1688
2108.5959 194.8448 132.4583 136.4722 1689
2116.0425 152.2088 136.4722 136.4722 1690
2123.5571 109.5463 140.4861 136.4722 1691
2131.2104 67.2173 144.5000 136.4722 1692
1993.6080 1078.8562 44.1528 140.4861 1716
2000.4968 1041.8076 48.1667 140.4861 1717
2007.4781 1004.2517 52.1806 140.4861 1718
2014.4884 966.4116 56.1944 140.4861 1719
2021.5072 928.2697 60.2083 140.4861 1720
2028.5190 889.8451 64.2222 140.4861 1721
2035.5342 851.1281 68.2361 140.4861 1722
2042.5625 812.1814 72.2500 140.4861 1723
2049.6311 772.9844 76.2639 140.4861 1724
2056.7090 733.4999 80.2778 140.4861 1725
2063.8220 693.7571 84.2917 140.4861 1726
2107.2974 450.3447 108.3750 140.4861 1727
2114.6064 408.9205 112.3889 140.4861 1728
2121.9363 367.3343 116.4028 140.4861 1729
2129.3276 325.4193 120.4167 140.4861 1730
2136.7375 283.2219 124.4306 140.4861 1731
2144.2375 240.7970 128.4444 140.4861 1732
2151.7847 198.1400 132.4583 140.4861 1733
2159.4138 155.2849 136.4722 140.4861 1734
2167.0906 112.3933 140.4861 140.4861 1735
2033.2051 1085.8922 44.1528 144.5000 1760
2040.2598 1048.7228 48.1667 144.5000 1761
2047.4238 1011.0435 52.1806 144.5000 1762
2054.6069 973.0569 56.1944 144.5000 1763
2061.7961 934.7755 60.2083 144.5000 1764
2068.9768 896.2112 64.2222 144.5000 1765
2076.1667 857.3649 68.2361 144.5000 1766
2083.3843 818.2482 72.2500 144.5000 1767
2090.6301 778.8858 76.2639 144.5000 1768
2097.8792 739.2410 80.2778 144.5000 1769
2105.1453 699.3689 84.2917 144.5000 1770
2149.7422 454.8974 108.3750 144.5000 1771
2157.2368 413.2849 112.3889 144.5000 1772
2164.7566 371.5104 116.4028 144.5000 1773
2172.3455 329.3972 120.4167 144.5000 1774
2179.9441 287.0018 124.4306 144.5000 1775
2187.6392 244.3543 128.4444 144.5000 1776
2195.3862 201.4891 132.4583 144.5000 1777
2203.2144 158.4082 136.4722 144.5000 1778
2211.0706 115.2758 140.4861 144.5000 1779
2087.6807 1017.8699 52.1806 148.5139 1806
2095.0464 979.7528 56.1944 148.5139 1807
2102.4214 941.3362 60.2083 148.5139 1808
2109.7866 902.6308 64.2222 148.5139 1809
2117.1509 863.6364 68.2361 148.5139 1810
2124.5439 824.3866 72.2500 148.5139 1811
2131.9734 784.8539 76.2639 148.5139 1812
2139.3813 745.0567 80.2778 148.5139 1813
2146.8281 705.0278 84.2917 148.5139 1814
2192.5613 459.5028 108.3750 148.5139 1815
2200.2629 417.6806 112.3889 148.5139 1816
2207.9768 375.7196 116.4028 148.5139 1817
2215.7520 333.4193 120.4167 148.5139 1818
2223.5574 290.8074 124.4306 148.5139 1819
2231.4653 247.9404 128.4444 148.5139 1820
2239.4109 204.8666 132.4583 148.5139 1821
2247.4441 161.5497 136.4722 148.5139 1822
2255.4756 118.2204 140.4861 148.5139 1823
2120.7500 1062.6520 48.1667 152.5278 1849
2128.2747 1024.7349 52.1806 152.5278 1850
2135.8301 986.4894 56.1944 152.5278 1851
2143.3855 947.9348 60.2083 152.5278 1852
2150.9399 909.0955 64.2222 152.5278 1853
2158.4951 869.9697 68.2361 152.5278 1854
2166.0647 830.5664 72.2500 152.5278 1855
2173.6755 790.8791 76.2639 152.5278 1856
2181.2634 750.9445 80.2778 152.5278 1857
2188.9070 710.7430 84.2917 152.5278 1858
2196.6299 670.3006 88.3056 152.5278 1859
2204.3982 629.5740 92.3194 152.5278 1860
2212.1929 588.5920 96.3333 152.5278 1861
2220.0435 547.3991 100.3472 152.5278 1862
2227.9124 505.8966 104.3611 152.5278 1863
2235.7888 464.1290 108.3750 152.5278 1864
2243.6821 422.1249 112.3889 152.5278 1865
2251.5999 379.9753 116.4028 152.5278 1866
2259.5950 337.4589 120.4167 152.5278 1867
2267.6111 294.6309 124.4306 152.5278 1868
2275.7131 251.5719 128.4444 152.5278 1869
2283.8770 208.2650 132.4583 152.5278 1870
2292.1182 164.7363 136.4722 152.5278 1871
2300.3347 121.2152 140.4861 152.5278 1872
2161.4792 1069.6355 48.1667 156.5417 1898
2169.1965 1031.6416 52.1806 156.5417 1899
2176.9404 993.2653 56.1944 156.5417 1900
2184.6797 954.5724 60.2083 156.5417 1901
2192.4268 915.5942 64.2222 156.5417 1902
2200.1685 876.3370 68.2361 156.5417 1903
2207.9407 836.7982 72.2500 156.5417 1904
2215.7383 796.9641 76.2639 156.5417 1905
2223.5100 756.8657 80.2778 156.5417 1906
2231.3572 716.4850 84.2917 156.5417 1907
2239.2725 675.8945 88.3056 156.5417 1908
2247.2402 634.9850 92.3194 156.5417 1909
2255.2251 593.8405 96.3333 156.5417 1910
2263.2825 552.4622 100.3472 156.5417 1911
2271.3574 510.7538 104.3611 156.5417 1912
2279.4353 468.8071 108.3750 156.5417 1913
2287.5259 426.6097 112.3889 156.5417 1914
2295.6487 384.2556 116.4028 156.5417 1915
2303.8538 341.5307 120.4167 156.5417 1916
2312.0872 298.5015 124.4306 156.5417 1917
2320.4080 255.2162 128.4444 156.5417 1918
2328.7852 211.6915 132.4583 156.5417 1919
2337.2275 167.9668 136.4722 156.5417 1920
2345.5972 124.3103 140.4861 156.5417 1921
2202.5559 1076.6071 48.1667 160.5556 1947
2210.4399 1038.5879 52.1806 160.5556 1948
2218.3748 1000.0906 56.1944 160.5556 1949
2226.3003 961.2761 60.2083 160.5556 1950
2234.2341 922.1506 64.2222 160.5556 1951
2242.1731 882.7468 68.2361 160.5556 1952
2250.1316 843.0565 72.2500 160.5556 1953
2258.1377 803.0792 76.2639 160.5556 1954
2266.1243 762.8315 80.2778 160.5556 1955
2274.1665 722.2758 84.2917 160.5556 1956
2282.2771 681.5165 88.3056 160.5556 1957
2290.4509 640.4560 92.3194 160.5556 1958
2298.6387 599.1232 96.3333 160.5556 1959
2306.9072 557.5470 100.3472 160.5556 1960
2315.1885 515.6593 104.3611 160.5556 1961
2323.4751 473.5181 108.3750 160.5556 1962
2331.7795 431.1259 112.3889 160.5556 1963
2340.1106 388.5707 116.4028 160.5556 1964
2348.5320 345.6267 120.4167 160.5556 1965
2356.9910 302.3875 124.4306 160.5556 1966
2365.5349 258.8902 128.4444 160.5556 1967
2374.1252 215.1474 132.4583 160.5556 1968
2382.7529 171.2642 136.4722 160.5556 1969
2391.1785 127.5417 140.4861 160.5556 1970
2252.0569 1045.5669 52.1806 164.5694 1997
2260.1782 1006.9744 56.1944 164.5694 1998
2268.3167 968.0292 60.2083 164.5694 1999
2276.4443 928.7604 64.2222 164.5694 2000
2284.5886 889.2026 68.2361 164.5694 2001
2292.7478 849.3730 72.2500 164.5694 2002
2300.9497 809.2458 76.2639 164.5694 2003
2309.1509 768.8187 80.2778 164.5694 2004
2317.3965 728.1219 84.2917 164.5694 2005
2325.7061 687.2028 88.3056 164.5694 2006
2334.0955 645.9508 92.3194 164.5694 2007
2342.5034 604.4521 96.3333 164.5694 2008
2350.9866 562.6852 100.3472 164.5694 2009
2359.4861 520.6069 104.3611 164.5694 2010
2367.9773 478.2807 108.3750 164.5694 2011
2376.5054 435.6814 112.3889 164.5694 2012
2385.0588 392.9167 116.4028 164.5694 2013
2393.7197 349.7570 120.4167 164.5694 2014
2402.3975 306.3018 124.4306 164.5694 2015
2411.1628 262.5822 128.4444 164.5694 2016
2419.9797 218.6270 132.4583 164.5694 2017
2294.0708 1052.4794 52.1806 168.5833 2046
2302.3569 1013.8817 56.1944 168.5833 2047
2310.7021 974.8073 60.2083 168.5833 2048
2319.0435 935.4128 64.2222 168.5833 2049
2327.3948 895.7097 68.2361 168.5833 2050
2335.7612 855.7318 72.2500 168.5833 2051
2344.1711 815.4560 76.2639 168.5833 2052
2352.5662 774.8763 80.2778 168.5833 2053
2361.0225 734.0088 84.2917 168.5833 2054
2369.5605 692.9178 88.3056 168.5833 2055
2378.1594 651.5011 92.3194 168.5833 2056
2386.7891 609.8159 96.3333 168.5833 2057
2395.5015 567.8606 100.3472 168.5833 2058
2404.2063 525.6031 104.3611 168.5833 2059
2412.9382 483.0753 108.3750 168.5833 2060
2421.6860 440.2799 112.3889 168.5833 2061
2336.4358 1059.5018 52.1806 172.5972 2095
2344.9089 1020.7814 56.1944 172.5972 2096
2353.4626 981.6229 60.2083 172.5972 2097
2362.0103 942.0926 64.2222 172.5972 2098
2370.5654 902.2615 68.2361 172.5972 2099
2379.1445 862.1309 72.2500 172.5972 2100
2387.7756 821.6975 76.2639 172.5972 2101
2396.4016 780.9677 80.2778 172.5972 2102
2405.0601 739.9417 84.2917 172.5972 2103
2413.8281 698.6605 88.3056 172.5972 2104
2422.6484 657.0792 92.3194 172.5972 2105
2379.0688 1066.5565 52.1806 176.6111 2144
2387.9099 1027.6586 56.1944 176.6111 2145
2396.5869 988.4609 60.2083 176.6111 2146
2405.3530 948.8276 64.2222 176.6111 2147
2414.1296 908.8510 68.2361 176.6111 2148
2422.9368 868.5668 72.2500 176.6111 2149
