1708.5139 1596.7588 88.3056 92.3194 1149
1713.4834 1557.8497 92.3194 92.3194 1150
1718.5081 1519.0182 96.3333 92.3194 1151
1747.0535 1603.0404 88.3056 96.3333 1198
1751.8730 1563.8300 92.3194 96.3333 1199
1756.6204 1524.7803 96.3333 96.3333 1200
1761.3473 1485.9166 100.3472 96.3333 1201
1765.9797 1447.1881 104.3611 96.3333 1202
1770.6326 1408.7778 108.3750 96.3333 1203
1775.1727 1370.7708 112.3889 96.3333 1204
1752.6611 1890.7742 60.2083 100.3472 1240
1757.4976 1849.9882 64.2222 100.3472 1241
1762.2661 1809.5284 68.2361 100.3472 1242
1766.9777 1769.1775 72.2500 100.3472 1243
1771.7339 1728.9883 76.2639 100.3472 1244
1776.4440 1688.9531 80.2778 100.3472 1245
1781.1426 1649.0806 84.2917 100.3472 1246
1785.8750 1609.4526 88.3056 100.3472 1247
1790.5969 1569.9705 92.3194 100.3472 1248
1795.2878 1530.6849 96.3333 100.3472 1249
1799.9697 1491.5695 100.3472 100.3472 1250
1804.6417 1452.6143 104.3611 100.3472 1251
1809.1857 1413.8708 108.3750 100.3472 1252
1813.5627 1375.3745 112.3889 100.3472 1253
1783.0760 1981.8298 52.1806 104.3611 1287
1787.8258 1940.3712 56.1944 104.3611 1288
1792.5394 1899.1986 60.2083 104.3611 1289
1797.2369 1858.2246 64.2222 104.3611 1290
1801.9635 1817.3582 68.2361 104.3611 1291
1806.6599 1776.6757 72.2500 104.3611 1292
1811.3547 1736.1915 76.2639 104.3611 1293
1815.9907 1695.8712 80.2778 104.3611 1294
1820.6201 1655.7318 84.2917 104.3611 1295
1825.2758 1615.8373 88.3056 104.3611 1296
1829.9170 1576.0826 92.3194 104.3611 1297
1834.5146 1536.5436 96.3333 104.3611 1298
1839.1082 1497.2047 100.3472 104.3611 1299
1843.6501 1458.0393 104.3611 104.3611 1300
1848.1212 1419.0836 108.3750 104.3611 1301
1852.5740 1380.2419 112.3889 104.3611 1302
1856.8563 1341.8682 116.4028 104.3611 1303
1861.1572 1303.7247 120.4167 104.3611 1304
1823.5736 1990.8267 52.1806 108.3750 1336
1828.2236 1949.2148 56.1944 108.3750 1337
1832.9091 1907.7211 60.2083 108.3750 1338
1837.5771 1866.3823 64.2222 108.3750 1339
1842.2203 1825.1996 68.2361 108.3750 1340
1846.8474 1784.2458 72.2500 108.3750 1341
1851.4678 1743.4695 76.2639 108.3750 1342
1856.0294 1702.8650 80.2778 108.3750 1343
1860.5818 1662.4526 84.2917 108.3750 1344
1865.1445 1622.2826 88.3056 108.3750 1345
1869.7075 1582.2698 92.3194 108.3750 1346
1874.2174 1542.4703 96.3333 108.3750 1347
1878.7283 1502.8649 100.3472 108.3750 1348
1883.1716 1463.4459 104.3611 108.3750 1349
1887.5509 1424.2305 108.3750 108.3750 1350
1891.8843 1385.2450 112.3889 108.3750 1351
1896.1569 1346.5613 116.4028 108.3750 1352
1900.3862 1308.0889 120.4167 108.3750 1353
1904.7247 1269.7150 124.4306 108.3750 1354
1864.5988 2000.0970 52.1806 112.3889 1385
1869.2402 1958.1086 56.1944 112.3889 1386
1873.8713 1916.2783 60.2083 112.3889 1387
1878.4568 1874.6111 64.2222 112.3889 1388
1883.0220 1833.1482 68.2361 112.3889 1389
1887.5647 1791.8953 72.2500 112.3889 1390
1892.1012 1750.8275 76.2639 112.3889 1391
1896.5826 1709.9481 80.2778 112.3889 1392
1901.0452 1669.2504 84.2917 112.3889 1393
1905.5338 1628.8113 88.3056 112.3889 1394
1910.0061 1588.5306 92.3194 112.3889 1395
1914.4283 1548.4663 96.3333 112.3889 1396
1918.8451 1508.5941 100.3472 112.3889 1397
1923.1892 1468.9153 104.3611 112.3889 1398
1927.4753 1429.4449 108.3750 112.3889 1399
1931.6979 1390.2068 112.3889 112.3889 1400
1935.8824 1351.2825 116.4028 112.3889 1401
1940.0402 1312.5049 120.4167 112.3889 1402
1944.0948 1274.0430 124.4306 112.3889 1403
1906.2632 2009.4354 52.1806 116.4028 1434
1910.8330 1967.0956 56.1944 116.4028 1435
1915.3768 1924.9368 60.2083 116.4028 1436
1919.8835 1882.9657 64.2222 116.4028 1437
1924.3546 1841.1801 68.2361 116.4028 1438
1928.8126 1799.6230 72.2500 116.4028 1439
1933.2615 1758.2715 76.2639 116.4028 1440
1937.6581 1717.0890 80.2778 116.4028 1441
1942.0267 1676.1172 84.2917 116.4028 1442
1946.4246 1635.4092 88.3056 116.4028 1443
1950.8019 1594.8665 92.3194 116.4028 1444
1955.1306 1554.5277 96.3333 116.4028 1445
1959.4497 1514.4116 100.3472 116.4028 1446
1963.6918 1474.4635 104.3611 116.4028 1447
1967.8741 1434.7339 108.3750 116.4028 1448
1971.9943 1395.2272 112.3889 116.4028 1449
1976.0680 1356.0573 116.4028 116.4028 1450
1980.1295 1317.0291 120.4167 116.4028 1451
1984.1213 1278.1996 124.4306 116.4028 1452
1988.0399 1239.8247 128.4444 116.4028 1453
1948.5021 2018.8794 52.1806 120.4167 1483
1952.9791 1976.1924 56.1944 120.4167 1484
1957.4359 1933.6993 60.2083 120.4167 1485
1961.8523 1891.4160 64.2222 120.4167 1486
1966.2343 1849.3315 68.2361 120.4167 1487
1970.5886 1807.4661 72.2500 120.4167 1488
1974.9510 1765.8022 76.2639 120.4167 1489
1979.2406 1724.3429 80.2778 120.4167 1490
1983.5205 1683.0757 84.2917 120.4167 1491
1987.8162 1642.0823 88.3056 120.4167 1492
1992.0956 1601.2709 92.3194 120.4167 1493
1996.3303 1560.6656 96.3333 120.4167 1494
2000.5410 1520.2828 100.3472 120.4167 1495
2004.6908 1480.0767 104.3611 120.4167 1496
2008.7552 1440.0935 108.3750 120.4167 1497
2012.7809 1400.3241 112.3889 120.4167 1498
2016.7450 1360.8972 116.4028 120.4167 1499
2020.6865 1321.6049 120.4167 120.4167 1500
2024.5669 1282.5400 124.4306 120.4167 1501
2028.4618 1243.7745 128.4444 120.4167 1502
1995.7113 1985.4301 56.1944 124.4306 1533
2000.0590 1942.5848 60.2083 124.4306 1534
2004.3728 1899.9738 64.2222 124.4306 1535
2008.6506 1857.5635 68.2361 124.4306 1536
2012.9131 1815.3956 72.2500 124.4306 1537
2017.1702 1773.4347 76.2639 124.4306 1538
2021.3629 1731.6676 80.2778 124.4306 1539
2025.5328 1690.1167 84.2917 124.4306 1540
2029.7277 1648.8459 88.3056 124.4306 1541
2033.8971 1607.7566 92.3194 124.4306 1542
2038.0273 1566.8838 96.3333 124.4306 1543
2042.1343 1526.2318 100.3472 124.4306 1544
2046.1826 1485.7705 104.3611 124.4306 1545
2050.1487 1445.5144 108.3750 124.4306 1546
2054.0544 1405.4917 112.3889 124.4306 1547
2057.9099 1365.8004 116.4028 124.4306 1548
2061.7329 1326.2607 120.4167 124.4306 1549
2065.5076 1286.9348 124.4306 124.4306 1550
2069.2620 1247.8877 128.4444 124.4306 1551
2072.9824 1209.2079 132.4583 124.4306 1552
2076.8123 1170.9618 136.4722 124.4306 1553
2039.0101 1994.7656 56.1944 128.4444 1582
2043.2329 1951.6010 60.2083 128.4444 1583
2047.4297 1908.6459 64.2222 128.4444 1584
2051.6030 1865.9166 68.2361 128.4444 1585
2055.7568 1823.4249 72.2500 128.4444 1586
2059.9099 1781.1456 76.2639 128.4444 1587
2063.9849 1739.0973 80.2778 128.4444 1588
2068.0476 1697.2533 84.2917 128.4444 1589
2072.1230 1655.6859 88.3056 128.4444 1590
2076.1882 1614.3175 92.3194 128.4444 1591
2080.2075 1573.1620 96.3333 128.4444 1592
2084.2153 1532.2474 100.3472 128.4444 1593
2088.1572 1491.5132 104.3611 128.4444 1594
2092.0137 1451.0057 108.3750 128.4444 1595
2095.8142 1410.7267 112.3889 128.4444 1596
2099.5481 1370.7729 116.4028 128.4444 1597
2103.2720 1330.9629 120.4167 128.4444 1598
2106.9216 1291.3938 124.4306 128.4444 1599
2110.5518 1252.0948 128.4444 128.4444 1600
2114.1497 1213.0984 132.4583 128.4444 1601
2117.8784 1174.4701 136.4722 128.4444 1602
2082.7986 2004.2483 56.1944 132.4583 1631
2086.9001 1960.7316 60.2083 132.4583 1632
2090.9685 1917.4369 64.2222 132.4583 1633
2095.0203 1874.3668 68.2361 132.4583 1634
2099.0486 1831.5428 72.2500 132.4583 1635
2103.0781 1788.9601 76.2639 132.4583 1636
2107.0425 1746.5967 80.2778 132.4583 1637
2110.9985 1704.4712 84.2917 132.4583 1638
2134.2783 1456.5498 108.3750 132.4583 1639
2137.9675 1416.0109 112.3889 132.4583 1640
2141.5962 1375.8014 116.4028 132.4583 1641
2145.1919 1335.7380 120.4167 132.4583 1642
2148.7195 1295.9159 124.4306 132.4583 1643
2152.2383 1256.3616 128.4444 132.4583 1644
2155.6943 1217.0906 132.4583 132.4583 1645
2158.9519 1178.2943 136.4722 132.4583 1646
2162.4358 1139.9631 140.4861 132.4583 1647
2127.3164 2013.9033 56.1944 136.4722 1675
2131.2837 1970.0253 60.2083 136.4722 1676
2135.2241 1926.3813 64.2222 136.4722 1677
2139.1401 1882.9642 68.2361 136.4722 1678
2143.0464 1839.8088 72.2500 136.4722 1679
2146.9478 1796.8998 76.2639 136.4722 1680
2150.7729 1754.2362 80.2778 136.4722 1681
2154.5952 1711.7977 84.2917 136.4722 1682
2177.1570 1462.1793 108.3750 136.4722 1683
2180.7275 1421.3739 112.3889 136.4722 1684
2184.2412 1380.9154 116.4028 136.4722 1685
2187.7146 1340.5826 120.4167 136.4722 1686
2191.1194 1300.5000 124.4306 136.4722 1687
2194.5090 1260.7006 128.4444 136.4722 1688
2197.8564 1221.1727 132.4583 136.4722 1689
2201.1121 1182.0452 136.4722 136.4722 1690
2204.4380 1143.5421 140.4861 136.4722 1691
2172.4604 2023.7042 56.1944 140.4861 1719
2176.2905 1979.4657 60.2083 140.4861 1720
2180.0977 1935.4612 64.2222 140.4861 1721
2183.8848 1891.6947 68.2361 140.4861 1722
2187.6296 1848.2057 72.2500 140.4861 1723
2191.3828 1804.9747 76.2639 140.4861 1724
2195.0569 1761.9945 80.2778 140.4861 1725
2198.7458 1719.2329 84.2917 140.4861 1726
2220.5725 1467.8844 108.3750 140.4861 1727
2224.0098 1426.8135 112.3889 140.4861 1728
2227.3992 1386.0825 116.4028 140.4861 1729
2230.7566 1345.4951 120.4167 140.4861 1730
2234.0339 1305.1530 124.4306 140.4861 1731
2237.3049 1265.1001 128.4444 140.4861 1732
2240.5164 1225.3330 132.4583 140.4861 1733
2243.6545 1185.9247 136.4722 140.4861 1734
2246.9700 1147.0568 140.4861 140.4861 1735
2221.9438 1989.0594 60.2083 144.5000 1764
2225.5847 1944.6816 64.2222 144.5000 1765
2229.2046 1900.5756 68.2361 144.5000 1766
2232.8093 1856.7517 72.2500 144.5000 1767
2236.4146 1813.1836 76.2639 144.5000 1768
2239.9575 1769.8743 80.2778 144.5000 1769
2243.5017 1726.7869 84.2917 144.5000 1770
2264.5303 1473.6747 108.3750 144.5000 1771
2267.8462 1432.3263 112.3889 144.5000 1772
2271.1008 1391.3320 116.4028 144.5000 1773
2274.3325 1350.4871 120.4167 144.5000 1774
2277.4788 1309.8815 124.4306 144.5000 1775
2280.6101 1269.5621 128.4444 144.5000 1776
2283.6982 1229.5452 132.4583 144.5000 1777
2286.6941 1189.8759 136.4722 144.5000 1778
2289.8035 1150.8921 140.4861 144.5000 1779
2268.2483 1998.8324 60.2083 148.5139 1808
2271.7241 1954.0854 64.2222 148.5139 1809
2275.1799 1909.6200 68.2361 148.5139 1810
2278.6194 1865.4481 72.2500 148.5139 1811
2282.0713 1821.5259 76.2639 148.5139 1812
2285.4717 1777.8735 80.2778 148.5139 1813
2288.8865 1734.4598 84.2917 148.5139 1814
2309.0532 1479.5386 108.3750 148.5139 1815
2312.2310 1437.9272 112.3889 148.5139 1816
2315.3550 1396.6476 116.4028 148.5139 1817
2318.4409 1355.5404 120.4167 148.5139 1818
2321.4553 1314.6575 124.4306 148.5139 1819
2324.4563 1274.0935 128.4444 148.5139 1820
2327.4067 1233.8274 132.4583 148.5139 1821
2330.2495 1193.8981 136.4722 148.5139 1822
2333.1567 1154.6667 140.4861 148.5139 1823
2315.2810 2008.8038 60.2083 152.5278 1852
2318.5642 1963.6650 64.2222 152.5278 1853
2321.8604 1918.8401 68.2361 152.5278 1854
2325.1331 1874.2957 72.2500 152.5278 1855
2328.4180 1830.0205 76.2639 152.5278 1856
2331.6433 1786.0095 80.2778 152.5278 1857
2334.8899 1742.2671 84.2917 152.5278 1858
2338.1582 1698.8473 88.3056 152.5278 1859
2341.4329 1655.6519 92.3194 152.5278 1860
2344.6626 1612.7407 96.3333 152.5278 1861
2347.9021 1570.0940 100.3472 152.5278 1862
2351.0764 1527.6631 104.3611 152.5278 1863
2354.1614 1485.4995 108.3750 152.5278 1864
2357.2039 1443.5878 112.3889 152.5278 1865
2360.1777 1402.0477 116.4028 152.5278 1866
2363.1360 1360.6707 120.4167 152.5278 1867
2366.0037 1319.5311 124.4306 152.5278 1868
2368.8552 1278.7046 128.4444 152.5278 1869
2371.6528 1238.1764 132.4583 152.5278 1870
2374.4067 1197.9928 136.4722 152.5278 1871
2377.1262 1158.5880 140.4861 152.5278 1872
2363.0281 2018.9780 60.2083 156.5417 1901
2366.1331 1973.4539 64.2222 156.5417 1902
2369.2271 1928.2310 68.2361 156.5417 1903
2372.3325 1883.3064 72.2500 156.5417 1904
2375.4451 1838.6750 76.2639 156.5417 1905
2378.5010 1794.3123 80.2778 156.5417 1906
2381.5627 1750.2164 84.2917 156.5417 1907
2384.6643 1706.4733 88.3056 156.5417 1908
2387.7754 1662.9425 92.3194 156.5417 1909
2390.8540 1619.7008 96.3333 156.5417 1910
2393.9419 1576.7452 100.3472 156.5417 1911
2396.9573 1534.0148 104.3611 156.5417 1912
2399.8960 1491.5513 108.3750 156.5417 1913
2402.7842 1449.3606 112.3889 156.5417 1914
2405.6057 1407.5397 116.4028 156.5417 1915
2408.4058 1365.8864 120.4167 156.5417 1916
2411.1272 1324.4790 124.4306 156.5417 1917
2413.8328 1283.3865 128.4444 156.5417 1918
2416.4785 1242.5813 132.4583 156.5417 1919
2418.9783 1202.1698 136.4722 156.5417 1920
2421.2581 1162.0928 140.4861 156.5417 1921
2414.4231 1983.4301 64.2222 160.5556 1951
2417.3362 1937.8180 68.2361 160.5556 1952
2420.2339 1892.5018 72.2500 160.5556 1953
2423.1567 1847.4950 76.2639 160.5556 1954
2426.0322 1802.7698 80.2778 160.5556 1955
