34.5325 764.5380 128.4444 104.3611 1306
40.6972 724.7297 132.4583 104.3611 1307
20.9520 1178.4304 88.3056 108.3750 1345
26.6591 1137.0474 92.3194 108.3750 1346
32.3806 1095.8066 96.3333 108.3750 1347
38.1355 1054.6732 100.3472 108.3750 1348
43.8979 1013.6484 104.3611 108.3750 1349
49.6374 972.7541 108.3750 108.3750 1350
55.3884 932.0027 112.3889 108.3750 1351
61.1394 891.4880 116.4028 108.3750 1352
66.9417 851.0402 120.4167 108.3750 1353
72.7411 810.7197 124.4306 108.3750 1354
78.6369 770.6328 128.4444 108.3750 1355
84.5093 730.7224 132.4583 108.3750 1356
90.7750 691.3292 136.4722 108.3750 1357
21.8528 1515.3496 56.1944 112.3889 1386
27.3040 1473.4778 60.2083 112.3889 1387
32.7558 1431.6400 64.2222 112.3889 1388
38.2060 1389.9077 68.2361 112.3889 1389
43.6685 1348.2568 72.2500 112.3889 1390
49.1580 1306.6981 76.2639 112.3889 1391
54.6245 1265.2098 80.2778 112.3889 1392
60.1229 1223.8201 84.2917 112.3889 1393
65.6813 1182.5695 88.3056 112.3889 1394
71.2951 1141.4109 92.3194 112.3889 1395
76.9046 1100.3678 96.3333 112.3889 1396
82.5587 1059.4417 100.3472 112.3889 1397
88.2159 1018.6025 104.3611 112.3889 1398
93.8515 977.9056 108.3750 112.3889 1399
99.4820 937.3339 112.3889 112.3889 1400
105.1241 897.0141 116.4028 112.3889 1401
110.8120 856.7450 120.4167 112.3889 1402
116.5027 816.5974 124.4306 112.3889 1403
122.2580 776.6501 128.4444 112.3889 1404
128.0585 736.9411 132.4583 112.3889 1405
133.9230 697.4493 136.4722 112.3889 1406
139.8222 658.1995 140.4861 112.3889 1407
50.4972 1643.6398 44.1528 116.4028 1432
56.0736 1601.3247 48.1667 116.4028 1433
61.5328 1559.4606 52.1806 116.4028 1434
66.9068 1517.7843 56.1944 116.4028 1435
72.2635 1476.1052 60.2083 116.4028 1436
77.6175 1434.4937 64.2222 116.4028 1437
82.9801 1392.9700 68.2361 116.4028 1438
88.3442 1351.5341 72.2500 116.4028 1439
93.7273 1310.1873 76.2639 116.4028 1440
99.0863 1268.9170 80.2778 116.4028 1441
104.4842 1227.7119 84.2917 116.4028 1442
109.9510 1186.6726 88.3056 116.4028 1443
115.4562 1145.7126 92.3194 116.4028 1444
120.9648 1104.8823 96.3333 116.4028 1445
126.5144 1064.1477 100.3472 116.4028 1446
132.0608 1023.5165 104.3611 116.4028 1447
137.5913 983.0078 108.3750 116.4028 1448
143.1301 942.6313 112.3889 116.4028 1449
148.6661 902.4924 116.4028 116.4028 1450
154.2491 862.4121 120.4167 116.4028 1451
159.8304 822.4486 124.4306 116.4028 1452
165.4652 782.6631 128.4444 116.4028 1453
171.1183 743.0862 132.4583 116.4028 1454
176.8750 703.7145 136.4722 116.4028 1455
182.8042 664.8450 140.4861 116.4028 1456
95.6162 1644.9478 44.1528 120.4167 1481
100.8928 1603.2067 48.1667 120.4167 1482
106.2028 1561.6467 52.1806 120.4167 1483
111.4908 1520.1735 56.1944 120.4167 1484
116.7670 1478.7198 60.2083 120.4167 1485
122.0205 1437.3229 64.2222 120.4167 1486
127.2754 1395.9913 68.2361 120.4167 1487
132.5404 1354.7855 72.2500 120.4167 1488
137.8311 1313.6462 76.2639 120.4167 1489
143.0911 1272.5690 80.2778 120.4167 1490
148.3977 1231.5828 84.2917 120.4167 1491
153.7665 1190.7323 88.3056 120.4167 1492
159.1672 1149.9918 92.3194 120.4167 1493
164.5724 1109.3551 96.3333 120.4167 1494
170.0252 1068.8259 100.3472 120.4167 1495
175.4756 1028.3862 104.3611 120.4167 1496
180.9090 988.0657 108.3750 120.4167 1497
186.3449 947.8799 112.3889 120.4167 1498
191.7792 907.9295 116.4028 120.4167 1499
197.2582 868.0255 120.4167 120.4167 1500
202.7253 828.2366 124.4306 120.4167 1501
208.2582 788.6252 128.4444 120.4167 1502
213.8078 749.2163 132.4583 120.4167 1503
219.4485 710.0241 136.4722 120.4167 1504
225.2259 671.0890 140.4861 120.4167 1505
231.4768 632.8666 144.5000 120.4167 1506
139.9870 1646.6799 44.1528 124.4306 1530
145.2230 1605.1355 48.1667 124.4306 1531
150.4248 1563.8195 52.1806 124.4306 1532
155.6143 1522.5433 56.1944 124.4306 1533
160.8039 1481.3108 60.2083 124.4306 1534
165.9623 1440.1216 64.2222 124.4306 1535
171.1148 1399.0037 68.2361 124.4306 1536
176.2962 1358.0114 72.2500 124.4306 1537
181.4830 1317.0736 76.2639 124.4306 1538
186.6468 1276.1985 80.2778 124.4306 1539
191.8550 1235.4222 84.2917 124.4306 1540
197.1234 1194.7715 88.3056 124.4306 1541
202.4387 1154.2239 92.3194 124.4306 1542
207.7498 1113.7894 96.3333 124.4306 1543
213.1022 1073.4568 100.3472 124.4306 1544
218.4528 1033.2020 104.3611 124.4306 1545
223.7879 993.0732 108.3750 124.4306 1546
229.1203 953.0856 112.3889 124.4306 1547
234.4664 913.3199 116.4028 124.4306 1548
239.8459 873.5906 120.4167 124.4306 1549
245.2186 834.0016 124.4306 124.4306 1550
250.6340 794.5601 128.4444 124.4306 1551
256.0771 755.3151 132.4583 124.4306 1552
261.5784 716.2634 136.4722 124.4306 1553
267.1817 677.4745 140.4861 124.4306 1554
273.0117 639.5444 144.5000 124.4306 1555
183.9323 1648.3386 44.1528 128.4444 1579
189.0508 1607.0702 48.1667 128.4444 1580
194.1543 1565.9551 52.1806 128.4444 1581
199.2619 1524.8944 56.1944 128.4444 1582
204.3551 1483.8713 60.2083 128.4444 1583
209.4209 1442.9038 64.2222 128.4444 1584
214.4769 1401.9894 68.2361 128.4444 1585
219.5502 1361.1848 72.2500 128.4444 1586
224.6528 1320.4622 76.2639 128.4444 1587
229.7327 1279.7876 80.2778 128.4444 1588
234.8534 1239.2058 84.2917 128.4444 1589
240.0262 1198.7661 88.3056 128.4444 1590
245.2468 1158.4244 92.3194 128.4444 1591
250.4673 1118.1730 96.3333 128.4444 1592
255.7260 1078.0431 100.3472 128.4444 1593
260.9864 1037.9866 104.3611 128.4444 1594
266.2210 998.0379 108.3750 128.4444 1595
271.4657 958.2343 112.3889 128.4444 1596
276.7122 918.6498 116.4028 128.4444 1597
281.9889 879.1171 120.4167 128.4444 1598
287.2711 839.6923 124.4306 128.4444 1599
292.5908 800.4544 128.4444 128.4444 1600
297.9332 761.3702 132.4583 128.4444 1601
303.3267 722.4853 136.4722 128.4444 1602
308.8154 683.8563 140.4861 128.4444 1603
314.3335 645.8307 144.5000 128.4444 1604
227.2864 1649.9385 44.1528 132.4583 1628
232.3243 1608.9727 48.1667 132.4583 1629
237.3363 1568.0464 52.1806 132.4583 1630
242.3590 1527.1980 56.1944 132.4583 1631
247.3586 1486.4008 60.2083 132.4583 1632
252.3323 1445.6339 64.2222 132.4583 1633
257.2977 1404.9418 68.2361 132.4583 1634
262.2780 1364.3318 72.2500 132.4583 1635
267.2963 1323.8031 76.2639 132.4583 1636
272.2942 1283.3413 80.2778 132.4583 1637
277.3053 1242.9633 84.2917 132.4583 1638
308.1368 1002.9509 108.3750 132.4583 1639
313.2900 963.3304 112.3889 132.4583 1640
318.4481 923.9380 116.4028 132.4583 1641
323.6327 884.5790 120.4167 132.4583 1642
328.8181 845.3458 124.4306 132.4583 1643
334.0420 806.2672 128.4444 132.4583 1644
339.2894 767.3668 132.4583 132.4583 1645
344.5679 728.6454 136.4722 132.4583 1646
349.9033 690.1602 140.4861 132.4583 1647
355.3032 652.1746 144.5000 132.4583 1648
270.3289 1651.5441 44.1528 136.4722 1672
275.2576 1610.8334 48.1667 136.4722 1673
280.1851 1570.1246 52.1806 136.4722 1674
285.1093 1529.4957 56.1944 136.4722 1675
290.0308 1488.9119 60.2083 136.4722 1676
294.9262 1448.3674 64.2222 136.4722 1677
299.8084 1407.8767 68.2361 136.4722 1678
304.6906 1367.4648 72.2500 136.4722 1679
309.6141 1327.1072 76.2639 136.4722 1680
314.5227 1286.8624 80.2778 136.4722 1681
319.4483 1246.6863 84.2917 136.4722 1682
349.7599 1007.8332 108.3750 136.4722 1683
354.8273 968.3926 112.3889 136.4722 1684
359.8921 929.1761 116.4028 136.4722 1685
364.9792 890.0140 120.4167 136.4722 1686
370.0663 850.9599 124.4306 136.4722 1687
375.2002 812.0574 128.4444 136.4722 1688
380.3506 773.3304 132.4583 136.4722 1689
385.5269 734.7875 136.4722 136.4722 1690
390.7575 696.4705 140.4861 136.4722 1691
312.9010 1653.1603 44.1528 140.4861 1716
317.7406 1612.6635 48.1667 140.4861 1717
322.5818 1572.1786 52.1806 140.4861 1718
327.4427 1531.7567 56.1944 140.4861 1719
332.2750 1491.3885 60.2083 140.4861 1720
337.0826 1451.0463 64.2222 140.4861 1721
341.8887 1410.7648 68.2361 140.4861 1722
346.6893 1370.5649 72.2500 140.4861 1723
351.5251 1330.4155 76.2639 140.4861 1724
356.3393 1290.3702 80.2778 140.4861 1725
361.1698 1250.3837 84.2917 140.4861 1726
390.9766 1012.6473 108.3750 140.4861 1727
395.9517 973.4123 112.3889 140.4861 1728
400.9320 934.3789 116.4028 140.4861 1729
405.9392 895.3907 120.4167 140.4861 1730
410.9254 856.5139 124.4306 140.4861 1731
415.9692 817.7952 128.4444 140.4861 1732
421.0134 779.2498 132.4583 140.4861 1733
426.0845 740.8889 136.4722 140.4861 1734
431.2199 702.7201 140.4861 140.4861 1735
355.0237 1654.7306 44.1528 144.5000 1760
359.7953 1614.4767 48.1667 144.5000 1761
364.5573 1574.2014 52.1806 144.5000 1762
369.3348 1533.9917 56.1944 144.5000 1763
374.0844 1493.8204 60.2083 144.5000 1764
378.8281 1453.6915 64.2222 144.5000 1765
383.5421 1413.6185 68.2361 144.5000 1766
388.2722 1373.6167 72.2500 144.5000 1767
393.0268 1333.6721 76.2639 144.5000 1768
397.7600 1293.8325 80.2778 144.5000 1769
402.5209 1254.0378 84.2917 144.5000 1770
431.8009 1017.4349 108.3750 144.5000 1771
436.6924 978.3671 112.3889 144.5000 1772
441.5781 939.5211 116.4028 144.5000 1773
446.4995 900.7158 120.4167 144.5000 1774
451.3986 862.0332 124.4306 144.5000 1775
456.3434 823.4912 128.4444 144.5000 1776
461.2934 785.1174 132.4583 144.5000 1777
466.2746 746.9385 136.4722 144.5000 1778
471.3017 708.9473 140.4861 144.5000 1779
396.7060 1656.2870 44.1528 148.5139 1804
401.4163 1616.2450 48.1667 148.5139 1805
406.1009 1576.1830 52.1806 148.5139 1806
410.8034 1536.1775 56.1944 148.5139 1807
415.4802 1496.2124 60.2083 148.5139 1808
420.1444 1456.3085 64.2222 148.5139 1809
424.7969 1416.4468 68.2361 148.5139 1810
429.4528 1376.6387 72.2500 148.5139 1811
434.1169 1336.9065 76.2639 148.5139 1812
438.7754 1297.2365 80.2778 148.5139 1813
443.4636 1257.6439 84.2917 148.5139 1814
472.2414 1022.1586 108.3750 148.5139 1815
477.0464 983.2848 112.3889 148.5139 1816
481.8537 944.6220 116.4028 148.5139 1817
486.6720 906.0068 120.4167 148.5139 1818
491.4889 867.4948 124.4306 148.5139 1819
496.3396 829.1262 128.4444 148.5139 1820
501.1942 790.9500 132.4583 148.5139 1821
506.0729 752.9366 136.4722 148.5139 1822
511.0181 715.1243 140.4861 148.5139 1823
515.9705 677.8083 144.5000 148.5139 1824
433.0616 1697.8480 40.1389 152.5278 1847
437.9714 1657.8109 44.1528 152.5278 1848
442.5985 1617.9723 48.1667 152.5278 1849
447.2206 1578.1277 52.1806 152.5278 1850
451.8606 1538.3459 56.1944 152.5278 1851
456.4715 1498.5763 60.2083 152.5278 1852
461.0615 1458.8750 64.2222 152.5278 1853
465.6417 1419.2133 68.2361 152.5278 1854
470.2198 1379.6166 72.2500 152.5278 1855
474.8296 1340.0824 76.2639 152.5278 1856
479.4041 1300.6083 80.2778 152.5278 1857
484.0070 1261.2115 84.2917 152.5278 1858
488.6692 1221.9532 88.3056 152.5278 1859
493.3777 1182.7371 92.3194 152.5278 1860
498.0753 1143.6094 96.3333 152.5278 1861
502.8366 1104.6069 100.3472 152.5278 1862
507.5811 1065.6726 104.3611 152.5278 1863
512.3088 1026.8574 108.3750 152.5278 1864
517.0198 988.1639 112.3889 152.5278 1865
521.7385 949.6816 116.4028 152.5278 1866
526.4801 911.2411 120.4167 152.5278 1867
531.1954 872.9129 124.4306 152.5278 1868
535.9547 834.7425 128.4444 152.5278 1869
540.7197 796.7153 132.4583 152.5278 1870
545.4987 758.8858 136.4722 152.5278 1871
550.3550 721.2989 140.4861 152.5278 1872
555.1509 684.2910 144.5000 152.5278 1873
474.0034 1699.4116 40.1389 156.5417 1896
478.8022 1659.3521 44.1528 156.5417 1897
483.3809 1619.6407 48.1667 156.5417 1898
487.9425 1580.0348 52.1806 156.5417 1899
492.5090 1540.4656 56.1944 156.5417 1900
497.0445 1500.9139 60.2083 156.5417 1901
501.5737 1461.4044 64.2222 156.5417 1902
506.0827 1421.9597 68.2361 156.5417 1903
510.5927 1382.5608 72.2500 156.5417 1904
515.1242 1343.2194 76.2639 156.5417 1905
519.6259 1303.9497 80.2778 156.5417 1906
524.1664 1264.7432 84.2917 156.5417 1907
528.7545 1225.6680 88.3056 156.5417 1908
533.3917 1186.6355 92.3194 156.5417 1909
538.0197 1147.7115 96.3333 156.5417 1910
542.6887 1108.8940 100.3472 156.5417 1911
547.3572 1070.1367 104.3611 156.5417 1912
551.9903 1031.5065 108.3750 156.5417 1913
556.6196 992.9956 112.3889 156.5417 1914
561.2436 954.6899 116.4028 156.5417 1915
565.8975 916.4338 120.4167 156.5417 1916
570.5300 878.2814 124.4306 156.5417 1917
575.1896 840.2814 128.4444 156.5417 1918
579.8630 802.4514 132.4583 156.5417 1919
584.5480 764.7962 136.4722 156.5417 1920
589.3019 727.4299 140.4861 156.5417 1921
594.2084 690.9890 144.5000 156.5417 1922
519.1895 1660.7773 44.1528 160.5556 1946
528.2408 1581.9066 52.1806 160.5556 1948
532.7386 1542.5397 56.1944 160.5556 1949
537.2159 1503.1937 60.2083 160.5556 1950
541.6711 1463.9019 64.2222 160.5556 1951
546.1217 1424.6421 68.2361 160.5556 1952
550.5611 1385.4600 72.2500 160.5556 1953
555.0239 1346.3213 76.2639 160.5556 1954
559.4640 1307.2377 80.2778 160.5556 1955
563.9291 1268.2327 84.2917 160.5556 1956
568.4489 1229.3444 88.3056 160.5556 1957
573.0059 1190.4991 92.3194 160.5556 1958
577.5549 1151.7643 96.3333 160.5556 1959
582.1505 1113.1172 100.3472 160.5556 1960
586.7337 1074.5593 104.3611 160.5556 1961
591.2861 1036.1063 108.3750 160.5556 1962
595.8335 997.7840 112.3889 160.5556 1963
600.3702 959.6563 116.4028 160.5556 1964
604.9341 921.5680 120.4167 160.5556 1965
609.4744 883.5983 124.4306 160.5556 1966
614.0402 845.7949 128.4444 160.5556 1967
618.5956 808.1416 132.4583 160.5556 1968
559.1402 1662.1016 44.1528 164.5694 1995
563.6931 1622.8535 48.1667 164.5694 1996
568.1514 1583.7250 52.1806 164.5694 1997
572.5969 1544.5787 56.1944 164.5694 1998
577.0206 1505.4570 60.2083 164.5694 1999
581.4163 1466.3557 64.2222 164.5694 2000
585.7969 1427.3055 68.2361 164.5694 2001
590.1702 1388.3158 72.2500 164.5694 2002
594.5671 1349.3824 76.2639 164.5694 2003
598.9434 1310.4924 80.2778 164.5694 2004
603.3398 1271.6715 84.2917 164.5694 2005
607.7974 1232.9766 88.3056 164.5694 2006
612.2684 1194.3273 92.3194 164.5694 2007
616.7529 1155.7715 96.3333 164.5694 2008
621.2753 1117.3202 100.3472 164.5694 2009
625.7748 1078.9438 104.3611 164.5694 2010
630.2421 1040.6671 108.3750 164.5694 2011
634.7012 1002.5275 112.3889 164.5694 2012
639.1514 964.5807 116.4028 164.5694 2013
643.6282 926.6705 120.4167 164.5694 2014
648.0769 888.8946 124.4306 164.5694 2015
652.5568 851.2578 128.4444 164.5694 2016
657.0196 813.7961 132.4583 164.5694 2017
599.0380 1664.1375 44.1528 168.5833 2044
603.2374 1624.3990 48.1667 168.5833 2045
607.6863 1585.4404 52.1806 168.5833 2046
612.0685 1546.5807 56.1944 168.5833 2047
616.4343 1507.6559 60.2083 168.5833 2048
620.7684 1468.7721 64.2222 168.5833 2049
625.0845 1429.9275 68.2361 168.5833 2050
629.4067 1391.1245 72.2500 168.5833 2051
633.7350 1352.3926 76.2639 168.5833 2052
638.0450 1313.6942 80.2778 168.5833 2053
642.3779 1275.0728 84.2917 168.5833 2054
646.7569 1236.5563 88.3056 168.5833 2055
651.1642 1198.0969 92.3194 168.5833 2056
655.5709 1159.7362 96.3333 168.5833 2057
660.0142 1121.4801 100.3472 168.5833 2058
664.4341 1083.2814 104.3611 168.5833 2059
668.8229 1045.1852 108.3750 168.5833 2060
673.2053 1007.2316 112.3889 168.5833 2061
677.5757 969.4683 116.4028 168.5833 2062
681.9711 931.7314 120.4167 168.5833 2063
686.3252 894.1282 124.4306 168.5833 2064
690.6931 856.6874 128.4444 168.5833 2065
642.4288 1626.0459 48.1667 172.5972 2094
646.8083 1587.1476 52.1806 172.5972 2095
651.1543 1548.4906 56.1944 172.5972 2096
655.4547 1509.8306 60.2083 172.5972 2097
659.7303 1471.1376 64.2222 172.5972 2098
663.9996 1432.5031 68.2361 172.5972 2099
668.2569 1393.9103 72.2500 172.5972 2100
672.5219 1355.3680 76.2639 172.5972 2101
676.7743 1316.8726 80.2778 172.5972 2102
681.0283 1278.4388 84.2917 172.5972 2103
685.3448 1240.1023 88.3056 172.5972 2104
689.6728 1201.8385 92.3194 172.5972 2105
694.0189 1163.6570 96.3333 172.5972 2106
698.3896 1125.5779 100.3472 172.5972 2107
702.7258 1087.5690 104.3611 172.5972 2108
707.0438 1049.6526 108.3750 172.5972 2109
711.3495 1011.8835 112.3889 172.5972 2110
715.6301 974.2935 116.4028 172.5972 2111
719.9330 936.7604 120.4167 172.5972 2112
724.1871 899.3464 124.4306 172.5972 2113
689.8109 1550.3374 56.1944 176.6111 2145
694.0789 1511.9080 60.2083 176.6111 2146
698.2990 1473.4736 64.2222 176.6111 2147
702.5110 1435.0262 68.2361 176.6111 2148
706.7137 1396.6283 72.2500 176.6111 2149
710.9321 1358.2930 76.2639 176.6111 2150
715.1068 1319.9932 80.2778 176.6111 2151
719.3118 1281.7485 84.2917 176.6111 2152
723.5541 1243.6108 88.3056 176.6111 2153
727.8242 1205.5306 92.3194 176.6111 2154
732.0899 1167.5402 96.3333 176.6111 2155
736.3895 1129.6407 100.3472 176.6111 2156
740.6544 1091.8214 104.3611 176.6111 2157
744.9026 1054.0940 108.3750 176.6111 2158
749.1082 1016.5013 112.3889 176.6111 2159
753.3055 979.0840 116.4028 176.6111 2160
757.5173 941.7444 120.4167 176.6111 2161
727.9395 1552.2195 56.1944 180.6250 2194
732.2908 1513.9080 60.2083 180.6250 2195
736.4744 1475.6746 64.2222 180.6250 2196
740.6263 1437.5061 68.2361 180.6250 2197
744.7810 1399.3198 72.2500 180.6250 2198
748.9434 1361.1630 76.2639 180.6250 2199
753.0619 1323.0682 80.2778 180.6250 2200
757.1990 1285.0237 84.2917 180.6250 2201
761.3959 1247.0720 88.3056 180.6250 2202
765.5884 1209.1808 92.3194 180.6250 2203
769.7911 1171.3807 96.3333 180.6250 2204
774.0162 1133.6584 100.3472 180.6250 2205
778.2077 1096.0208 104.3611 180.6250 2206
782.3677 1058.4855 108.3750 180.6250 2207
786.4918 1021.0733 112.3889 180.6250 2208
790.5945 983.8560 116.4028 180.6250 2209
778.3451 1439.8357 68.2361 184.6389 2246
782.4523 1401.9049 72.2500 184.6389 2247
786.5604 1364.0007 76.2639 184.6389 2248
790.6158 1326.0917 80.2778 184.6389 2249
794.7051 1288.2428 84.2917 184.6389 2250
798.8325 1250.4967 88.3056 184.6389 2251
802.9753 1212.7880 92.3194 184.6389 2252
807.1021 1175.1621 96.3333 184.6389 2253
811.2529 1137.6324 100.3472 184.6389 2254
815.3673 1100.1877 104.3611 184.6389 2255
819.4434 1062.8428 108.3750 184.6389 2256
827.4826 988.5872 116.4028 184.6389 2258
815.4986 1442.0747 68.2361 188.6528 2295
819.6846 1404.4001 72.2500 188.6528 2296
823.7598 1366.6616 76.2639 188.6528 2297
827.7689 1328.9783 80.2778 188.6528 2298
848.0873 1141.5229 100.3472 188.6528 2303
852.1115 1104.2593 104.3611 188.6528 2304
856.1287 1067.0680 108.3750 188.6528 2305
860.2042 1029.9943 112.3889 188.6528 2306
863.9562 993.5349 116.4028 188.6528 2307
