1087.9111 1329.5981 96.3333 104.3611 1298
1095.0658 1292.4479 100.3472 104.3611 1299
1102.8574 1449.0090 84.2917 108.3750 1344
1110.0603 1411.3099 88.3056 108.3750 1345
1124.5211 1336.2739 96.3333 108.3750 1347
1131.6791 1299.0284 100.3472 108.3750 1348
1111.3097 1608.5530 68.2361 112.3889 1389
1118.4633 1570.2739 72.2500 112.3889 1390
1125.6167 1532.1215 76.2639 112.3889 1391
1132.7467 1494.0585 80.2778 112.3889 1392
1139.8733 1456.1169 84.2917 112.3889 1393
1147.0026 1418.3527 88.3056 112.3889 1394
1154.1504 1380.6812 92.3194 112.3889 1395
1161.2844 1343.1744 96.3333 112.3889 1396
1168.4242 1305.7981 100.3472 112.3889 1397
1175.5497 1268.4945 104.3611 112.3889 1398
1182.5452 1231.4550 108.3750 112.3889 1399
1189.5659 1194.5043 112.3889 112.3889 1400
1105.6525 1849.5210 44.1528 116.4028 1432
1112.8269 1809.4398 48.1667 116.4028 1433
1120.0453 1770.5375 52.1806 116.4028 1434
1134.4020 1693.0801 60.2083 116.4028 1436
1141.5463 1654.4962 64.2222 116.4028 1437
1148.6825 1616.0022 68.2361 116.4028 1438
1155.8140 1577.6455 72.2500 116.4028 1439
1162.9219 1539.4066 76.2639 116.4028 1440
1169.9833 1501.2577 80.2778 116.4028 1441
1177.0505 1463.2297 84.2917 116.4028 1442
1184.1411 1425.3773 88.3056 116.4028 1443
1191.2347 1387.6276 92.3194 116.4028 1444
1198.3029 1350.0255 96.3333 116.4028 1445
1205.3706 1312.5789 100.3472 116.4028 1446
1212.3960 1275.2507 104.3611 116.4028 1447
1226.3947 1200.9868 112.3889 116.4028 1449
1143.4427 1856.5203 44.1528 120.4167 1481
1150.5830 1817.3409 48.1667 120.4167 1482
1157.7139 1778.3467 52.1806 120.4167 1483
1164.8925 1739.4915 56.1944 120.4167 1484
1172.0308 1700.7197 60.2083 120.4167 1485
1179.1497 1662.0352 64.2222 120.4167 1486
1186.2473 1623.4630 68.2361 120.4167 1487
1193.3269 1585.0243 72.2500 120.4167 1488
1200.4008 1546.6956 76.2639 120.4167 1489
1207.4110 1508.4702 80.2778 120.4167 1490
1214.4299 1470.3589 84.2917 120.4167 1491
1221.4650 1432.4204 88.3056 120.4167 1492
1228.4843 1394.5811 92.3194 120.4167 1493
1235.4771 1356.9034 96.3333 120.4167 1494
1242.4813 1319.3762 100.3472 120.4167 1495
1249.4407 1281.9559 104.3611 120.4167 1496
1256.3373 1244.6957 108.3750 120.4167 1497
1263.1923 1207.6071 112.3889 120.4167 1498
1270.0643 1170.7590 116.4028 120.4167 1499
1174.3007 1903.8943 40.1389 124.4306 1529
1181.4041 1864.4725 44.1528 124.4306 1530
1188.4640 1825.2483 48.1667 124.4306 1531
1195.5953 1786.1699 52.1806 124.4306 1532
1202.7423 1747.2302 56.1944 124.4306 1533
1209.8567 1708.3644 60.2083 124.4306 1534
1216.9272 1669.5841 64.2222 124.4306 1535
1223.9694 1630.9307 68.2361 124.4306 1536
1230.9916 1592.3981 72.2500 124.4306 1537
1238.0088 1553.9895 76.2639 124.4306 1538
1244.9858 1515.6827 80.2778 124.4306 1539
1251.9438 1477.4882 84.2917 124.4306 1540
1258.9152 1439.4786 88.3056 124.4306 1541
1265.8824 1401.5579 92.3194 124.4306 1542
1272.8169 1363.7946 96.3333 124.4306 1543
1279.7427 1326.1757 100.3472 124.4306 1544
1286.6187 1288.6831 104.3611 124.4306 1545
1293.4512 1251.3474 108.3750 124.4306 1546
1300.2238 1214.1849 112.3889 124.4306 1547
1306.9724 1177.2562 116.4028 124.4306 1548
1313.7732 1140.4500 120.4167 124.4306 1549
1212.4261 1911.9403 40.1389 128.4444 1578
1219.4615 1872.4548 44.1528 128.4444 1579
1226.5101 1833.1598 48.1667 128.4444 1580
1233.6217 1793.9902 52.1806 128.4444 1581
1240.7211 1754.9397 56.1944 128.4444 1582
1247.7902 1715.9828 60.2083 128.4444 1583
1254.8149 1677.1333 64.2222 128.4444 1584
1261.8256 1638.3849 68.2361 128.4444 1585
1268.7843 1599.7721 72.2500 128.4444 1586
1275.7587 1561.2786 76.2639 128.4444 1587
1282.6602 1522.8923 80.2778 128.4444 1588
1289.5660 1484.6235 84.2917 128.4444 1589
1296.4764 1446.5374 88.3056 128.4444 1590
1303.3862 1408.5406 92.3194 128.4444 1591
1310.2426 1370.6932 96.3333 128.4444 1592
1317.0952 1332.9962 100.3472 128.4444 1593
1323.9242 1295.4283 104.3611 128.4444 1594
1330.6587 1258.0026 108.3750 128.4444 1595
1337.3792 1220.7539 112.3889 128.4444 1596
1344.0358 1183.7543 116.4028 128.4444 1597
1350.6946 1146.8540 120.4167 128.4444 1598
1357.4034 1110.1353 124.4306 128.4444 1599
1364.0890 1073.7271 128.4444 128.4444 1600
1250.5840 1919.9172 40.1389 132.4583 1627
1257.6005 1880.4379 44.1528 132.4583 1628
1264.6499 1841.0500 48.1667 132.4583 1629
1271.7106 1801.7865 52.1806 132.4583 1630
1278.7734 1762.6488 56.1944 132.4583 1631
1285.7915 1723.6024 60.2083 132.4583 1632
1292.7671 1684.6588 64.2222 132.4583 1633
1299.7156 1645.8221 68.2361 132.4583 1634
1306.6327 1607.1200 72.2500 132.4583 1635
1313.5422 1568.5616 76.2639 132.4583 1636
1320.4036 1530.0911 80.2778 132.4583 1637
1327.2415 1491.7450 84.2917 132.4583 1638
1367.9384 1264.6776 108.3750 132.4583 1639
1374.5609 1227.3464 112.3889 132.4583 1640
1381.1444 1190.2679 116.4028 132.4583 1641
1387.7090 1153.2909 120.4167 132.4583 1642
1394.2300 1116.4719 124.4306 132.4583 1643
1400.8427 1079.9375 128.4444 132.4583 1644
1407.1384 1043.9722 132.4583 132.4583 1645
1274.7450 2007.5668 32.1111 136.4722 1669
1282.0300 1967.7567 36.1250 136.4722 1670
1289.0085 1928.0127 40.1389 136.4722 1671
1296.0140 1888.4324 44.1528 136.4722 1672
1303.0120 1848.9458 48.1667 136.4722 1673
1310.0317 1809.5796 52.1806 136.4722 1674
1317.0370 1770.3588 56.1944 136.4722 1675
1324.0066 1731.2220 60.2083 136.4722 1676
1330.9335 1692.1952 64.2222 136.4722 1677
1337.8297 1653.2845 68.2361 136.4722 1678
1344.6926 1614.5001 72.2500 136.4722 1679
1351.5422 1575.8546 76.2639 136.4722 1680
1358.3522 1537.3151 80.2778 136.4722 1681
1365.1190 1498.8904 84.2917 136.4722 1682
1405.4165 1271.3815 108.3750 136.4722 1683
1411.9611 1233.9719 112.3889 136.4722 1684
1418.4628 1196.8132 116.4028 136.4722 1685
1424.9469 1159.7535 120.4167 136.4722 1686
1431.3822 1122.8682 124.4306 136.4722 1687
1437.8335 1086.2252 128.4444 136.4722 1688
1444.2498 1049.8496 132.4583 136.4722 1689
1450.5941 1014.1046 136.4722 136.4722 1690
1313.5508 2015.8367 32.1111 140.4861 1713
1320.6783 1975.8472 36.1250 140.4861 1714
1327.5974 1936.0894 40.1389 140.4861 1715
1334.5646 1896.4070 44.1528 140.4861 1716
1341.5172 1856.8296 48.1667 140.4861 1717
1348.4861 1817.3755 52.1806 140.4861 1718
1355.4414 1778.0603 56.1944 140.4861 1719
1362.3556 1738.8499 60.2083 140.4861 1720
1369.2205 1699.7335 64.2222 140.4861 1721
1376.0515 1660.7354 68.2361 140.4861 1722
1382.8651 1621.8713 72.2500 140.4861 1723
1389.6506 1583.1379 76.2639 140.4861 1724
1396.4026 1544.5247 80.2778 140.4861 1725
1403.1018 1506.0334 84.2917 140.4861 1726
1442.9791 1278.0898 108.3750 140.4861 1727
1449.4568 1240.6078 112.3889 140.4861 1728
1455.8779 1203.3752 116.4028 140.4861 1729
1462.2777 1166.2441 120.4167 140.4861 1730
1468.6110 1129.2869 124.4306 140.4861 1731
1474.9553 1092.5344 128.4444 140.4861 1732
1481.3282 1056.0396 132.4583 140.4861 1733
1487.4763 1020.2049 136.4722 140.4861 1734
1359.4224 1983.9976 36.1250 144.5000 1758
1366.3289 1944.1407 40.1389 144.5000 1759
1373.2466 1904.3644 44.1528 144.5000 1760
1380.1439 1864.6982 48.1667 144.5000 1761
1387.0482 1825.1576 52.1806 144.5000 1762
1393.9521 1785.7587 56.1944 144.5000 1763
1400.8085 1746.4612 60.2083 144.5000 1764
1407.6187 1707.2679 64.2222 144.5000 1765
1414.4011 1668.1842 68.2361 144.5000 1766
1421.1354 1629.2421 72.2500 144.5000 1767
1427.8778 1590.4325 76.2639 144.5000 1768
1434.5372 1551.7383 80.2778 144.5000 1769
1441.1918 1513.1746 84.2917 144.5000 1770
1480.6399 1284.8126 108.3750 144.5000 1771
1487.0314 1247.2722 112.3889 144.5000 1772
1493.3757 1209.9579 116.4028 144.5000 1773
1499.6875 1172.7523 120.4167 144.5000 1774
1505.9501 1135.7209 124.4306 144.5000 1775
1512.2031 1098.9031 128.4444 144.5000 1776
1518.4515 1062.3074 132.4583 144.5000 1777
1524.5083 1026.2217 136.4722 144.5000 1778
1398.3170 1992.1331 36.1250 148.5139 1802
1405.1699 1952.1707 40.1389 148.5139 1803
1412.0315 1912.3108 44.1528 148.5139 1804
1425.7396 1832.9373 52.1806 148.5139 1806
1432.5780 1793.4550 56.1944 148.5139 1807
1439.3739 1754.0601 60.2083 148.5139 1808
1446.1183 1714.7935 64.2222 148.5139 1809
1452.8427 1675.6270 68.2361 148.5139 1810
1459.5234 1636.6101 72.2500 148.5139 1811
1466.1863 1597.7207 76.2639 148.5139 1812
1472.7921 1558.9590 80.2778 148.5139 1813
1479.3690 1520.3228 84.2917 148.5139 1814
1518.3988 1291.5446 108.3750 148.5139 1815
1524.7048 1253.9358 112.3889 148.5139 1816
1530.9711 1216.5509 116.4028 148.5139 1817
1537.2100 1179.2745 120.4167 148.5139 1818
1543.3806 1142.1722 124.4306 148.5139 1819
1549.5399 1105.2897 128.4444 148.5139 1820
1561.6545 1032.3699 136.4722 148.5139 1822
1437.3302 2000.2389 36.1250 152.5278 1846
1444.1210 1960.1831 40.1389 152.5278 1847
1450.9438 1920.2390 44.1528 152.5278 1848
1457.7366 1880.4125 48.1667 152.5278 1849
1464.5281 1840.7048 52.1806 152.5278 1850
1471.3143 1801.1401 56.1944 152.5278 1851
1478.0458 1761.6713 60.2083 152.5278 1852
1484.7428 1722.3185 64.2222 152.5278 1853
1491.4047 1683.0745 68.2361 152.5278 1854
1498.0066 1643.9811 72.2500 152.5278 1855
1504.5961 1605.0216 76.2639 152.5278 1856
1511.1260 1566.1708 80.2778 152.5278 1857
1517.6382 1527.4771 84.2917 152.5278 1858
1524.1542 1488.9415 88.3056 152.5278 1859
1530.6625 1450.5231 92.3194 152.5278 1860
1537.1104 1412.2551 96.3333 152.5278 1861
1543.5575 1374.1334 100.3472 152.5278 1862
1549.9447 1336.1328 104.3611 152.5278 1863
1556.2418 1298.2886 108.3750 152.5278 1864
1562.4839 1260.5945 112.3889 152.5278 1865
1568.6687 1223.1583 116.4028 152.5278 1866
1574.8286 1185.8167 120.4167 152.5278 1867
1580.9056 1148.6483 124.4306 152.5278 1868
1586.9670 1111.7051 128.4444 152.5278 1869
1592.9784 1074.9442 132.4583 152.5278 1870
1598.8385 1038.5701 136.4722 152.5278 1871
1476.4684 2008.3192 36.1250 156.5417 1895
1483.2157 1968.1951 40.1389 156.5417 1896
1489.9702 1928.1584 44.1528 156.5417 1897
1496.6868 1888.2469 48.1667 156.5417 1898
1503.4243 1848.4701 52.1806 156.5417 1899
1510.1378 1808.8230 56.1944 156.5417 1900
1516.8243 1769.2794 60.2083 156.5417 1901
1523.4633 1729.8387 64.2222 156.5417 1902
1530.0472 1690.5255 68.2361 156.5417 1903
1536.5962 1651.3700 72.2500 156.5417 1904
1543.1072 1612.3188 76.2639 156.5417 1905
1549.5624 1573.4020 80.2778 156.5417 1906
1556.0109 1534.6188 84.2917 156.5417 1907
1562.4692 1496.0234 88.3056 156.5417 1908
1568.8937 1457.5341 92.3194 156.5417 1909
1575.2758 1419.2000 96.3333 156.5417 1910
1581.6433 1381.0093 100.3472 156.5417 1911
1587.9561 1342.9487 104.3611 156.5417 1912
1594.1770 1305.0294 108.3750 156.5417 1913
1600.3457 1267.2899 112.3889 156.5417 1914
1606.4481 1229.7771 116.4028 156.5417 1915
1612.5142 1192.3719 120.4167 156.5417 1916
1618.5068 1155.1410 124.4306 156.5417 1917
1624.4796 1118.1300 128.4444 156.5417 1918
1515.6849 2016.3701 36.1250 160.5556 1944
1522.3774 1976.1740 40.1389 160.5556 1945
1529.0742 1936.0692 44.1528 160.5556 1946
1535.7357 1896.0823 48.1667 160.5556 1947
1542.4141 1856.2205 52.1806 160.5556 1948
1549.0642 1816.4951 56.1944 160.5556 1949
1555.6879 1776.8806 60.2083 160.5556 1950
1562.2548 1737.3641 64.2222 160.5556 1951
1568.7800 1697.9741 68.2361 160.5556 1952
1575.2495 1658.7297 72.2500 160.5556 1953
1581.7050 1619.6248 76.2639 160.5556 1954
1588.0876 1580.6216 80.2778 160.5556 1955
1594.4666 1541.7737 84.2917 160.5556 1956
1600.8405 1503.1035 88.3056 160.5556 1957
1607.1918 1464.5437 92.3194 160.5556 1958
1613.5009 1426.1388 96.3333 160.5556 1959
1619.8046 1387.8831 100.3472 160.5556 1960
1626.0223 1349.7518 104.3611 160.5556 1961
1632.1815 1311.7792 108.3750 160.5556 1962
1638.2650 1273.9655 112.3889 160.5556 1963
1644.2788 1236.4067 116.4028 160.5556 1964
1650.2645 1198.9331 120.4167 160.5556 1965
1656.1719 1161.6396 124.4306 160.5556 1966
1662.0549 1124.5709 128.4444 160.5556 1967
1555.0380 2024.4231 36.1250 164.5694 1993
1561.6797 1984.1516 40.1389 164.5694 1994
1568.3224 1943.9686 44.1528 164.5694 1995
1574.9172 1903.9104 48.1667 164.5694 1996
1581.5327 1863.9834 52.1806 164.5694 1997
1588.1244 1824.1757 56.1944 164.5694 1998
1594.6785 1784.4792 60.2083 164.5694 1999
1601.1859 1744.8853 64.2222 164.5694 2000
1607.6307 1705.4287 68.2361 164.5694 2001
1614.0160 1666.1189 72.2500 164.5694 2002
1620.4161 1626.9324 76.2639 164.5694 2003
1626.7417 1587.8690 80.2778 164.5694 2004
1633.0254 1548.9348 84.2917 164.5694 2005
1639.3391 1510.2019 88.3056 164.5694 2006
1645.6178 1471.5682 92.3194 164.5694 2007
1651.8590 1433.0917 96.3333 164.5694 2008
1658.0675 1394.7670 100.3472 164.5694 2009
1664.2249 1356.5697 104.3611 164.5694 2010
1670.2911 1318.5366 108.3750 164.5694 2011
1676.2902 1280.6716 112.3889 164.5694 2012
1682.2130 1243.0515 116.4028 164.5694 2013
1688.1234 1205.5077 120.4167 164.5694 2014
1693.9432 1168.1692 124.4306 164.5694 2015
1699.7362 1131.0413 128.4444 164.5694 2016
1601.0795 1992.1144 40.1389 168.5833 2043
1607.6576 1951.8706 44.1528 168.5833 2044
1614.2002 1911.7360 48.1667 168.5833 2045
1620.7635 1871.7328 52.1806 168.5833 2046
1627.3110 1831.8583 56.1944 168.5833 2047
1633.7935 1792.0771 60.2083 168.5833 2048
1640.2158 1752.4156 64.2222 168.5833 2049
1646.5800 1712.8907 68.2361 168.5833 2050
1652.9045 1673.5100 72.2500 168.5833 2051
1659.2290 1634.2424 76.2639 168.5833 2052
1665.4794 1595.1063 80.2778 168.5833 2053
1671.7056 1556.1042 84.2917 168.5833 2054
1677.9364 1517.2896 88.3056 168.5833 2055
1684.1432 1478.5994 92.3194 168.5833 2056
1690.3042 1440.0580 96.3333 168.5833 2057
1696.4421 1401.6719 100.3472 168.5833 2058
1702.5023 1363.4093 104.3611 168.5833 2059
1708.4878 1325.3186 108.3750 168.5833 2060
1714.4120 1287.3826 112.3889 168.5833 2061
1720.2540 1249.6881 116.4028 168.5833 2062
1726.0618 1212.1118 120.4167 168.5833 2063
1731.7963 1174.7085 124.4306 168.5833 2064
1737.4875 1137.5312 128.4444 168.5833 2065
1640.5635 2000.0818 40.1389 172.5972 2092
1647.0967 1959.7662 44.1528 172.5972 2093
1653.5868 1919.5529 48.1667 172.5972 2094
1660.0817 1879.4725 52.1806 172.5972 2095
1666.5634 1839.5334 56.1944 172.5972 2096
1672.9753 1799.6866 60.2083 172.5972 2097
1679.3278 1759.9548 64.2222 172.5972 2098
1685.6321 1720.3560 68.2361 172.5972 2099
1691.8955 1680.8998 72.2500 172.5972 2100
1698.1399 1641.5529 76.2639 172.5972 2101
1704.3215 1602.3500 80.2778 172.5972 2102
1710.4728 1563.2745 84.2917 172.5972 2103
1716.6252 1524.3972 88.3056 172.5972 2104
1722.7607 1485.6371 92.3194 172.5972 2105
1728.8411 1447.0284 96.3333 172.5972 2106
1734.8998 1408.5776 100.3472 172.5972 2107
1740.8768 1370.2614 104.3611 172.5972 2108
1746.7788 1332.0940 108.3750 172.5972 2109
1752.6024 1294.1079 112.3889 172.5972 2110
1758.3644 1256.3663 116.4028 172.5972 2111
1764.0741 1218.7294 120.4167 172.5972 2112
1769.7083 1181.2808 124.4306 172.5972 2113
1775.3149 1144.0345 128.4444 172.5972 2114
1680.1543 2008.0164 40.1389 176.6111 2141
1686.6232 1967.6300 44.1528 176.6111 2142
1693.0520 1927.3689 48.1667 176.6111 2143
1699.4928 1887.2212 52.1806 176.6111 2144
1705.8861 1847.2034 56.1944 176.6111 2145
1712.2311 1807.2993 60.2083 176.6111 2146
1718.5232 1767.4884 64.2222 176.6111 2147
1724.7782 1727.8181 68.2361 176.6111 2148
1730.9762 1688.2910 72.2500 176.6111 2149
1737.1526 1648.8744 76.2639 176.6111 2150
1743.2573 1609.6024 80.2778 176.6111 2151
1749.3309 1570.4557 84.2917 176.6111 2152
1755.3981 1531.5065 88.3056 176.6111 2153
1761.4486 1492.6776 92.3194 176.6111 2154
1767.4440 1454.0137 96.3333 176.6111 2155
1773.4230 1415.4999 100.3472 176.6111 2156
1779.3203 1377.1190 104.3611 176.6111 2157
1785.1257 1338.9039 108.3750 176.6111 2158
1790.8655 1300.8662 112.3889 176.6111 2159
1796.5244 1263.0518 116.4028 176.6111 2160
1802.1508 1225.3621 120.4167 176.6111 2161
1807.6890 1187.8564 124.4306 176.6111 2162
1726.2408 1975.4913 44.1528 180.6250 2191
1732.6017 1935.1621 48.1667 180.6250 2192
1738.9810 1894.9514 52.1806 180.6250 2193
1745.3136 1854.8820 56.1944 180.6250 2194
1751.5852 1814.9073 60.2083 180.6250 2195
1757.8198 1775.0167 64.2222 180.6250 2196
1763.9839 1735.2791 68.2361 180.6250 2197
1770.1158 1695.6637 72.2500 180.6250 2198
1776.2231 1656.1901 76.2639 180.6250 2199
1782.2438 1616.8507 80.2778 180.6250 2200
1788.2384 1577.6416 84.2917 180.6250 2201
1794.2334 1538.6216 88.3056 180.6250 2202
1800.2084 1499.7344 92.3194 180.6250 2203
1806.1221 1461.0055 96.3333 180.6250 2204
1812.0077 1422.4287 100.3472 180.6250 2205
1817.8271 1383.9889 104.3611 180.6250 2206
1823.5460 1345.7069 108.3750 180.6250 2207
1829.1906 1307.6154 112.3889 180.6250 2208
1834.7622 1269.7616 116.4028 180.6250 2209
1840.2863 1232.0220 120.4167 180.6250 2210
1845.7098 1194.4604 124.4306 180.6250 2211
1765.9418 1983.3524 44.1528 184.6389 2240
1772.2428 1942.9559 48.1667 184.6389 2241
1778.5470 1902.6687 52.1806 184.6389 2242
1784.8273 1862.5302 56.1944 184.6389 2243
1791.0302 1822.5040 60.2083 184.6389 2244
1797.1963 1782.5504 64.2222 184.6389 2245
1803.2970 1742.7380 68.2361 184.6389 2246
1809.3472 1703.0533 72.2500 184.6389 2247
1815.3682 1663.5275 76.2639 184.6389 2248
1821.3120 1624.1140 80.2778 184.6389 2249
1827.2219 1584.8285 84.2917 184.6389 2250
1833.1401 1545.7439 88.3056 184.6389 2251
1839.0309 1506.7894 92.3194 184.6389 2252
1844.8705 1467.9993 96.3333 184.6389 2253
1850.6697 1429.3702 100.3472 184.6389 2254
1856.3953 1390.8735 104.3611 184.6389 2255
1862.0140 1352.5344 108.3750 184.6389 2256
1867.5715 1314.3815 112.3889 184.6389 2257
1873.0385 1276.4875 116.4028 184.6389 2258
1878.4623 1238.7002 120.4167 184.6389 2259
1883.7893 1201.0996 124.4306 184.6389 2260
1805.7318 1991.2161 44.1528 188.6528 2289
1811.9452 1950.7457 48.1667 188.6528 2290
1818.1791 1910.4062 52.1806 188.6528 2291
1824.3861 1870.1978 56.1944 188.6528 2292
1830.5405 1830.0873 60.2083 188.6528 2293
1836.6339 1790.0813 64.2222 188.6528 2294
1842.6801 1750.2009 68.2361 188.6528 2295
1848.6477 1710.4558 72.2500 188.6528 2296
1854.5829 1670.8556 76.2639 188.6528 2297
1860.4453 1631.3761 80.2778 188.6528 2298
1866.2902 1592.0276 84.2917 188.6528 2299
1872.1143 1552.8790 88.3056 188.6528 2300
1877.9219 1513.8622 92.3194 188.6528 2301
1883.6613 1475.0087 96.3333 188.6528 2302
1889.3750 1436.3154 100.3472 188.6528 2303
1895.0065 1397.7629 104.3611 188.6528 2304
1900.5388 1359.3784 108.3750 188.6528 2305
1905.9956 1321.1699 112.3889 188.6528 2306
1911.3684 1283.2267 116.4028 188.6528 2307
1916.6780 1245.4004 120.4167 188.6528 2308
1921.8812 1207.7949 124.4306 188.6528 2309
1845.6349 1999.1648 44.1528 192.6667 2338
1851.7141 1958.5171 48.1667 192.6667 2339
1857.8650 1918.1088 52.1806 192.6667 2340
1863.9987 1877.8403 56.1944 192.6667 2341
1870.0928 1837.6628 60.2083 192.6667 2342
1876.1100 1797.5907 64.2222 192.6667 2343
1882.0664 1757.6539 68.2361 192.6667 2344
1887.9733 1717.8463 72.2500 192.6667 2345
1893.8375 1678.1735 76.2639 192.6667 2346
1899.6191 1638.6252 80.2778 192.6667 2347
1905.3798 1599.2220 84.2917 192.6667 2348
1911.1172 1560.0176 88.3056 192.6667 2349
1916.8376 1520.9446 92.3194 192.6667 2350
1922.4900 1482.0248 96.3333 192.6667 2351
1928.1027 1443.2800 100.3472 192.6667 2352
1933.6382 1404.6641 104.3611 192.6667 2353
1939.0735 1366.2296 108.3750 192.6667 2354
1944.4376 1327.9911 112.3889 192.6667 2355
1949.6971 1289.9906 116.4028 192.6667 2356
1885.5256 2007.0911 44.1528 196.6806 2387
1891.6063 1966.3862 48.1667 196.6806 2388
1897.6549 1925.8303 52.1806 196.6806 2389
1903.6877 1885.4716 56.1944 196.6806 2390
1909.7114 1845.2415 60.2083 196.6806 2391
1915.6571 1805.1096 64.2222 196.6806 2392
1921.5397 1765.1074 68.2361 196.6806 2393
1927.3762 1725.2325 72.2500 196.6806 2394
1933.1521 1685.5034 76.2639 196.6806 2395
1938.8643 1645.8934 80.2778 196.6806 2396
1944.5222 1606.4299 84.2917 196.6806 2397
1950.1819 1567.1655 88.3056 196.6806 2398
1955.8115 1528.0292 92.3194 196.6806 2399
1961.3752 1489.0586 96.3333 196.6806 2400
1966.9003 1450.2517 100.3472 196.6806 2401
1972.3370 1411.5880 104.3611 196.6806 2402
1977.6691 1373.0981 108.3750 196.6806 2403
1982.9163 1334.8126 112.3889 196.6806 2404
1931.6606 1974.2552 48.1667 200.6944 2437
1937.5065 1933.5951 52.1806 200.6944 2438
1943.5063 1893.0857 56.1944 200.6944 2439
1949.3585 1852.8101 60.2083 200.6944 2440
1955.2262 1812.6096 64.2222 200.6944 2441
1961.0344 1772.5469 68.2361 200.6944 2442
1966.7825 1732.6125 72.2500 200.6944 2443
1972.4852 1692.8226 76.2639 200.6944 2444
1978.1093 1653.1538 80.2778 200.6944 2445
1983.6985 1613.6422 84.2917 200.6944 2446
1989.2665 1574.3209 88.3056 200.6944 2447
1994.8097 1535.1243 92.3194 200.6944 2448
2000.2797 1496.1014 96.3333 200.6944 2449
2005.7062 1457.2433 100.3472 200.6944 2450
2011.0332 1418.5338 104.3611 200.6944 2451
2016.2654 1380.0099 108.3750 200.6944 2452
1994.8802 1820.1237 64.2222 204.7083 2490
2000.5619 1779.9784 68.2361 204.7083 2491
2006.2291 1740.0037 72.2500 204.7083 2492
2011.8596 1700.1484 76.2639 204.7083 2493
2017.3998 1660.4283 80.2778 204.7083 2494
2022.8948 1620.8583 84.2917 204.7083 2495
2028.3776 1581.4813 88.3056 204.7083 2496
2033.8163 1542.2347 92.3194 204.7083 2497
2039.1951 1503.1595 96.3333 204.7083 2498
2044.5095 1464.2378 100.3472 204.7083 2499
2034.4734 1827.5983 64.2222 208.7222 2539
2040.1908 1787.3002 68.2361 208.7222 2540
2045.7684 1747.3429 72.2500 208.7222 2541
2051.2886 1707.4364 76.2639 208.7222 2542
2056.7061 1667.6879 80.2778 208.7222 2543
2062.1106 1628.0599 84.2917 208.7222 2544
2067.5300 1588.5815 88.3056 208.7222 2545
2075.3291 1836.3862 64.2222 212.7361 2588
2080.0723 1795.3562 68.2361 212.7361 2589
2085.2344 1754.9165 72.2500 212.7361 2590
2090.4114 1714.9528 76.2639 212.7361 2591
2101.1528 1635.3776 84.2917 212.7361 2593
2106.4390 1595.9312 88.3056 212.7361 2594
