608.4614 1694.4954 72.2500 92.3194 1145
626.8298 1657.8787 76.2639 92.3194 1146
645.0424 1621.4922 80.2778 92.3194 1147
663.1840 1585.3669 84.2917 92.3194 1148
681.2283 1549.5521 88.3056 92.3194 1149
699.1912 1513.9856 92.3194 92.3194 1150
606.4908 1785.8328 64.2222 96.3333 1192
624.9857 1748.5417 68.2361 96.3333 1193
643.3514 1711.5500 72.2500 96.3333 1194
661.6075 1674.8322 76.2639 96.3333 1195
679.7526 1638.3365 80.2778 96.3333 1196
697.7986 1602.0925 84.2917 96.3333 1197
715.7338 1566.1705 88.3056 96.3333 1198
733.5952 1530.4921 92.3194 96.3333 1199
751.3467 1495.0569 96.3333 96.3333 1200
769.0015 1459.9155 100.3472 96.3333 1201
786.5381 1424.9799 104.3611 96.3333 1202
604.5168 1878.7069 56.1944 100.3472 1239
623.1855 1840.8123 60.2083 100.3472 1240
641.7194 1803.1587 64.2222 100.3472 1241
660.1249 1765.7682 68.2361 100.3472 1242
678.4021 1728.6619 72.2500 100.3472 1243
696.5684 1691.8273 76.2639 100.3472 1244
714.6112 1655.2126 80.2778 100.3472 1245
732.5492 1618.8741 84.2917 100.3472 1246
750.4078 1582.8442 88.3056 100.3472 1247
768.1565 1547.0386 92.3194 100.3472 1248
785.8011 1511.4978 96.3333 100.3472 1249
803.3477 1476.2262 100.3472 100.3472 1250
820.7739 1441.1780 104.3611 100.3472 1251
838.0425 1406.4033 108.3750 100.3472 1252
889.1973 1303.7518 120.4167 100.3472 1255
906.2339 1270.4042 124.4306 100.3472 1256
621.3647 1934.5533 52.1806 104.3611 1287
640.0699 1896.2938 56.1944 104.3611 1288
658.6553 1858.2817 60.2083 104.3611 1289
677.0932 1820.5216 64.2222 104.3611 1290
695.4208 1783.0222 68.2361 104.3611 1291
713.5883 1745.8081 72.2500 104.3611 1292
731.6643 1708.8623 76.2639 104.3611 1293
749.6064 1672.1282 80.2778 104.3611 1294
767.4571 1635.6744 84.2917 104.3611 1295
785.1891 1599.5342 88.3056 104.3611 1296
802.8580 1563.6261 92.3194 104.3611 1297
820.3879 1527.9775 96.3333 104.3611 1298
837.8194 1492.5906 100.3472 104.3611 1299
855.1230 1457.4417 104.3611 104.3611 1300
872.3067 1422.5281 108.3750 104.3611 1301
889.3519 1387.8932 112.3889 104.3611 1302
906.2515 1353.5894 116.4028 104.3611 1303
923.1096 1319.5253 120.4167 104.3611 1304
939.8414 1285.7050 124.4306 104.3611 1305
956.7829 1252.6216 128.4444 104.3611 1306
638.3783 1990.9750 48.1667 108.3750 1335
657.1104 1952.2876 52.1806 108.3750 1336
675.7563 1913.9100 56.1944 108.3750 1337
694.2545 1875.7728 60.2083 108.3750 1338
712.5954 1837.9149 64.2222 108.3750 1339
730.8182 1800.2939 68.2361 108.3750 1340
748.9016 1762.9677 72.2500 108.3750 1341
766.8895 1725.9106 76.2639 108.3750 1342
784.7146 1689.0695 80.2778 108.3750 1343
802.4605 1652.5009 84.2917 108.3750 1344
820.0888 1616.2532 88.3056 108.3750 1345
837.6378 1580.2389 92.3194 108.3750 1346
855.0649 1544.4869 96.3333 108.3750 1347
872.4014 1508.9939 100.3472 108.3750 1348
889.5901 1473.7229 104.3611 108.3750 1349
906.6591 1438.6958 108.3750 108.3750 1350
923.5869 1403.9442 112.3889 108.3750 1351
940.3732 1369.5280 116.4028 108.3750 1352
957.0845 1335.3271 120.4167 108.3750 1353
973.7324 1301.3955 124.4306 108.3750 1354
990.2668 1267.8500 128.4444 108.3750 1355
1006.6035 1234.9357 132.4583 108.3750 1356
674.3682 2008.8597 48.1667 112.3889 1384
693.0328 1970.0483 52.1806 112.3889 1385
711.5730 1931.5426 56.1944 112.3889 1386
729.9851 1893.2974 60.2083 112.3889 1387
748.2379 1855.3149 64.2222 112.3889 1388
766.3687 1817.5907 68.2361 112.3889 1389
784.3507 1780.1401 72.2500 112.3889 1390
802.2274 1742.9810 76.2639 112.3889 1391
819.9627 1706.0374 80.2778 112.3889 1392
837.5889 1669.3706 84.2917 112.3889 1393
855.1085 1633.0138 88.3056 112.3889 1394
872.5580 1596.8916 92.3194 112.3889 1395
889.8886 1561.0220 96.3333 112.3889 1396
907.1000 1525.4327 100.3472 112.3889 1397
924.1980 1490.0448 104.3611 112.3889 1398
941.1479 1454.9167 108.3750 112.3889 1399
957.9648 1420.0487 112.3889 112.3889 1400
974.6298 1385.5155 116.4028 112.3889 1401
991.2200 1351.1980 120.4167 112.3889 1402
1024.1497 1283.3965 128.4444 112.3889 1404
1040.5396 1250.2037 132.4583 112.3889 1405
710.4977 2026.7607 48.1667 116.4028 1433
729.0800 1987.8279 52.1806 116.4028 1434
747.5278 1949.1949 56.1944 116.4028 1435
765.8334 1910.8350 60.2083 116.4028 1436
783.9836 1872.7316 64.2222 116.4028 1437
802.0071 1834.9015 68.2361 116.4028 1438
819.9097 1797.3545 72.2500 116.4028 1439
837.6796 1760.0693 76.2639 116.4028 1440
855.3192 1723.0236 80.2778 116.4028 1441
872.8386 1686.2487 84.2917 116.4028 1442
890.2582 1649.7927 88.3056 116.4028 1443
907.5887 1613.5541 92.3194 116.4028 1444
924.8034 1577.5836 96.3333 116.4028 1445
941.9230 1541.9003 100.3472 116.4028 1446
958.9132 1506.4131 104.3611 116.4028 1447
975.7418 1471.1613 108.3750 116.4028 1448
992.4511 1436.1742 112.3889 116.4028 1449
1009.0019 1401.5382 116.4028 116.4028 1450
1025.4740 1367.0997 120.4167 116.4028 1451
1041.8158 1332.9242 124.4306 116.4028 1452
1058.1161 1299.0403 128.4444 116.4028 1453
1074.3063 1265.4781 132.4583 116.4028 1454
765.2571 2005.6176 52.1806 120.4167 1483
783.6000 1966.8822 56.1944 120.4167 1484
801.8098 1928.3950 60.2083 120.4167 1485
819.8636 1890.1832 64.2222 120.4167 1486
837.7771 1852.2192 68.2361 120.4167 1487
855.5607 1814.5627 72.2500 120.4167 1488
873.2479 1777.1740 76.2639 120.4167 1489
890.7701 1740.0255 80.2778 120.4167 1490
908.1818 1703.1416 84.2917 120.4167 1491
925.5073 1666.5872 88.3056 120.4167 1492
942.7366 1630.2588 92.3194 120.4167 1493
959.8361 1594.1798 96.3333 120.4167 1494
976.8355 1558.3744 100.3472 120.4167 1495
993.7089 1522.7849 104.3611 120.4167 1496
1010.4382 1487.4521 108.3750 120.4167 1497
1027.0272 1452.3549 112.3889 120.4167 1498
1043.4630 1417.5981 116.4028 120.4167 1499
1059.8199 1383.0471 120.4167 120.4167 1500
1076.0344 1348.7524 124.4306 120.4167 1501
1092.1769 1314.7550 128.4444 120.4167 1502
1108.2485 1281.0834 132.4583 120.4167 1503
1124.1777 1247.9512 136.4722 120.4167 1504
801.5530 2023.4531 52.1806 124.4306 1532
819.8068 1984.5837 56.1944 124.4306 1533
837.9073 1945.9827 60.2083 124.4306 1534
855.8567 1907.6488 64.2222 124.4306 1535
873.6667 1869.5769 68.2361 124.4306 1536
891.3538 1831.7998 72.2500 124.4306 1537
908.9147 1794.3014 76.2639 124.4306 1538
926.3432 1757.0496 80.2778 124.4306 1539
943.6344 1720.0577 84.2917 124.4306 1540
960.8533 1683.3988 88.3056 124.4306 1541
977.9705 1646.9658 92.3194 124.4306 1542
994.9650 1610.7944 96.3333 124.4306 1543
1011.8497 1574.8820 100.3472 124.4306 1544
1028.6050 1539.1797 104.3611 124.4306 1545
1045.2224 1503.7454 108.3750 124.4306 1546
1061.6929 1468.5637 112.3889 124.4306 1547
1078.0154 1433.6926 116.4028 124.4306 1548
1094.2556 1399.0364 120.4167 124.4306 1549
1110.3679 1364.6204 124.4306 124.4306 1550
1126.3706 1330.5225 128.4444 124.4306 1551
1158.0856 1263.2581 136.4722 124.4306 1553
856.0764 2002.2847 56.1944 128.4444 1582
874.0845 1963.5570 60.2083 128.4444 1583
891.9272 1925.1041 64.2222 128.4444 1584
909.6329 1886.9261 68.2361 128.4444 1585
927.1976 1849.0326 72.2500 128.4444 1586
944.6599 1811.4344 76.2639 128.4444 1587
961.9768 1774.0693 80.2778 128.4444 1588
979.1597 1736.9869 84.2917 128.4444 1589
996.2635 1700.2026 88.3056 128.4444 1590
1013.2792 1663.6725 92.3194 128.4444 1591
1030.1511 1627.4069 96.3333 128.4444 1592
1046.9331 1591.3950 100.3472 128.4444 1593
1063.5789 1555.5948 104.3611 128.4444 1594
1080.0725 1520.0449 108.3750 128.4444 1595
1096.4454 1484.7662 112.3889 128.4444 1596
1112.6318 1449.8113 116.4028 128.4444 1597
1128.7515 1415.0378 120.4167 128.4444 1598
1144.7372 1380.5244 124.4306 128.4444 1599
1160.6288 1346.3175 128.4444 128.4444 1600
1192.1121 1278.7902 136.4722 128.4444 1602
892.3885 2019.9583 56.1944 132.4583 1631
910.2839 1981.0980 60.2083 132.4583 1632
928.0101 1942.5380 64.2222 132.4583 1633
945.6058 1904.2422 68.2361 132.4583 1634
963.0686 1866.2352 72.2500 132.4583 1635
980.4189 1828.5314 76.2639 132.4583 1636
997.6075 1791.0570 80.2778 132.4583 1637
1014.6891 1753.8788 84.2917 132.4583 1638
1114.9412 1536.3389 108.3750 132.4583 1639
1131.1793 1500.9562 112.3889 132.4583 1640
1147.2670 1465.9047 116.4028 132.4583 1641
1163.2709 1431.0299 120.4167 132.4583 1642
1179.1233 1396.4214 124.4306 132.4583 1643
1194.8965 1362.0911 128.4444 132.4583 1644
1210.5215 1328.0675 132.4583 132.4583 1645
1226.0516 1294.3466 136.4722 132.4583 1646
946.6425 1998.7002 60.2083 136.4722 1676
964.2750 1960.0179 64.2222 136.4722 1677
981.7681 1921.6074 68.2361 136.4722 1678
999.1109 1883.5088 72.2500 136.4722 1679
1016.3468 1845.6853 76.2639 136.4722 1680
1033.4299 1808.0994 80.2778 136.4722 1681
1050.3995 1770.8112 84.2917 136.4722 1682
1149.9584 1552.6710 108.3750 136.4722 1683
1166.0842 1517.1899 112.3889 136.4722 1684
1182.0439 1482.0433 116.4028 136.4722 1685
1197.9330 1447.0747 120.4167 136.4722 1686
1213.6692 1412.3701 124.4306 136.4722 1687
1229.3073 1377.9486 128.4444 136.4722 1688
1244.8082 1343.8267 132.4583 136.4722 1689
1260.1957 1310.0066 136.4722 136.4722 1690
983.1129 2016.3230 60.2083 140.4861 1720
1000.6249 1977.5176 64.2222 140.4861 1721
1017.9993 1938.9896 68.2361 140.4861 1722
1035.2218 1900.7750 72.2500 140.4861 1723
1052.3488 1862.8479 76.2639 140.4861 1724
1069.3187 1825.1455 80.2778 140.4861 1725
1086.1709 1787.7443 84.2917 140.4861 1726
1185.0348 1569.0211 108.3750 140.4861 1727
1201.0475 1533.4393 112.3889 140.4861 1728
1216.8990 1498.2001 116.4028 140.4861 1729
1232.6447 1463.1287 120.4167 140.4861 1730
1248.2690 1428.3188 124.4306 140.4861 1731
1263.7782 1393.8149 128.4444 140.4861 1732
1279.1427 1359.5914 132.4583 140.4861 1733
1037.0731 1995.0242 64.2222 144.5000 1765
1054.3280 1956.3850 68.2361 144.5000 1766
1071.4331 1918.0508 72.2500 144.5000 1767
1088.4344 1880.0065 76.2639 144.5000 1768
1105.2921 1842.2100 80.2778 144.5000 1769
1122.0225 1804.6885 84.2917 144.5000 1770
1220.1805 1585.3756 108.3750 144.5000 1771
1236.0667 1549.6893 112.3889 144.5000 1772
1251.7888 1514.3657 116.4028 144.5000 1773
1267.4259 1479.2012 120.4167 144.5000 1774
1282.9238 1444.2952 124.4306 144.5000 1775
1298.2917 1409.6886 128.4444 144.5000 1776
1313.5356 1375.3851 132.4583 144.5000 1777
1073.5852 2012.5160 64.2222 148.5139 1809
1090.7209 1973.7854 68.2361 148.5139 1810
1107.7131 1935.3408 72.2500 148.5139 1811
1124.5992 1897.1639 76.2639 148.5139 1812
1141.3368 1859.2736 80.2778 148.5139 1813
1157.9467 1821.6472 84.2917 148.5139 1814
1255.3882 1601.7173 108.3750 148.5139 1815
1271.1394 1565.9536 112.3889 148.5139 1816
1286.7458 1530.5251 116.4028 148.5139 1817
1302.2548 1495.2795 120.4167 148.5139 1818
1317.6068 1460.2772 124.4306 148.5139 1819
1332.8669 1425.5798 128.4444 148.5139 1820
1347.9712 1391.1725 132.4583 148.5139 1821
1127.1936 1991.1558 68.2361 152.5278 1854
1144.0643 1952.6139 72.2500 152.5278 1855
1160.8314 1914.3440 76.2639 152.5278 1856
1177.4297 1876.3434 80.2778 152.5278 1857
1193.9355 1838.6050 84.2917 152.5278 1858
1210.3389 1801.2058 88.3056 152.5278 1859
1226.6498 1764.0531 92.3194 152.5278 1860
1242.8315 1727.1782 96.3333 152.5278 1861
1258.9156 1690.5728 100.3472 152.5278 1862
1274.8585 1654.1936 104.3611 152.5278 1863
1290.6317 1618.0707 108.3750 152.5278 1864
1306.2793 1582.2091 112.3889 152.5278 1865
1321.7397 1546.6898 116.4028 152.5278 1866
1337.1235 1511.3601 120.4167 152.5278 1867
1352.3582 1476.2672 124.4306 152.5278 1868
1367.4659 1441.4921 128.4444 152.5278 1869
1163.7209 2008.5620 68.2361 156.5417 1903
1180.4774 1969.9034 72.2500 156.5417 1904
1197.1179 1931.5231 76.2639 156.5417 1905
1213.5953 1893.4030 80.2778 156.5417 1906
1229.9841 1855.5594 84.2917 156.5417 1907
1246.2687 1818.0593 88.3056 156.5417 1908
1262.4553 1780.8087 92.3194 156.5417 1909
1278.5118 1743.8289 96.3333 156.5417 1910
1294.4722 1707.1230 100.3472 156.5417 1911
1310.2841 1670.6511 104.3611 156.5417 1912
1325.9330 1634.4351 108.3750 156.5417 1913
1341.4436 1598.4849 112.3889 156.5417 1914
1356.7971 1562.8724 116.4028 156.5417 1915
1372.0365 1527.4479 120.4167 156.5417 1916
1387.1282 1492.2648 124.4306 156.5417 1917
1402.1052 1457.3979 128.4444 156.5417 1918
1200.3060 2025.9572 68.2361 160.5556 1952
1216.9354 1987.1708 72.2500 160.5556 1953
1233.4583 1948.6854 76.2639 160.5556 1954
1249.8170 1910.4751 80.2778 160.5556 1955
1266.0724 1872.5164 84.2917 160.5556 1956
1282.2338 1834.9174 88.3056 160.5556 1957
1298.3036 1797.5490 92.3194 160.5556 1958
1314.2355 1760.4727 96.3333 160.5556 1959
1330.0574 1723.6713 100.3472 160.5556 1960
1345.7421 1687.0973 104.3611 160.5556 1961
1361.2675 1650.7943 108.3750 160.5556 1962
1376.6460 1614.7383 112.3889 160.5556 1963
1391.8677 1579.0342 116.4028 160.5556 1964
1406.9795 1543.5271 120.4167 160.5556 1965
1421.9425 1508.2670 124.4306 160.5556 1966
1436.7754 1473.3058 128.4444 160.5556 1967
1253.4805 2004.4730 72.2500 164.5694 2002
1269.8748 1965.8823 76.2639 164.5694 2003
1286.1128 1927.5492 80.2778 164.5694 2004
1302.2555 1889.4919 84.2917 164.5694 2005
1318.2839 1851.7777 88.3056 164.5694 2006
1334.2253 1814.3140 92.3194 164.5694 2007
1350.0234 1777.1292 96.3333 164.5694 2008
1365.7209 1740.2288 100.3472 164.5694 2009
1381.2789 1703.5668 104.3611 164.5694 2010
1396.6759 1667.1577 108.3750 164.5694 2011
1411.9292 1631.0255 112.3889 164.5694 2012
1427.0012 1595.2207 116.4028 164.5694 2013
1441.9781 1559.6324 120.4167 164.5694 2014
1456.7915 1524.2878 124.4306 164.5694 2015
1290.0751 2021.7601 72.2500 168.5833 2051
1306.3611 1983.0562 76.2639 168.5833 2052
1322.4735 1944.6176 80.2778 168.5833 2053
1338.4761 1906.4709 84.2917 168.5833 2054
1354.3835 1868.6445 88.3056 168.5833 2055
1370.1920 1831.0764 92.3194 168.5833 2056
1385.8667 1793.8030 96.3333 168.5833 2057
1401.4323 1756.8068 100.3472 168.5833 2058
1416.8606 1720.0383 104.3611 168.5833 2059
1432.1213 1683.5375 108.3750 168.5833 2060
1447.2366 1647.3021 112.3889 168.5833 2061
1462.1719 1611.4271 116.4028 168.5833 2062
1477.0049 1575.7507 120.4167 168.5833 2063
1491.6692 1540.3177 124.4306 168.5833 2064
1342.8728 2000.2379 76.2639 172.5972 2101
1358.8601 1961.6936 80.2778 172.5972 2102
1374.7310 1923.4451 84.2917 172.5972 2103
1390.5089 1885.5256 88.3056 172.5972 2104
1406.1892 1847.8566 92.3194 172.5972 2105
1421.7433 1810.4733 96.3333 172.5972 2106
1437.1799 1773.3762 100.3472 172.5972 2107
1452.4761 1736.5135 104.3611 172.5972 2108
1467.6013 1699.9276 108.3750 172.5972 2109
1482.5691 1663.6013 112.3889 172.5972 2110
1497.3690 1627.6256 116.4028 172.5972 2111
1512.0463 1591.8713 120.4167 172.5972 2112
1379.4209 2017.4263 76.2639 176.6111 2150
1395.2740 1978.7753 80.2778 176.6111 2151
1411.0182 1940.4120 84.2917 176.6111 2152
1426.6742 1902.3950 88.3056 176.6111 2153
1442.2341 1864.6234 92.3194 176.6111 2154
1457.6464 1827.1252 96.3333 176.6111 2155
1472.9633 1789.9423 100.3472 176.6111 2156
1488.1134 1752.9895 104.3611 176.6111 2157
1503.0995 1716.3068 108.3750 176.6111 2158
1517.9213 1679.9070 112.3889 176.6111 2159
1532.5612 1643.8395 116.4028 176.6111 2160
1431.7294 1995.8513 80.2778 180.6250 2200
1447.3534 1957.3735 84.2917 180.6250 2201
1462.8748 1919.2474 88.3056 180.6250 2202
1478.3071 1881.3866 92.3194 180.6250 2203
1493.5780 1843.8010 96.3333 180.6250 2204
1508.7489 1806.5066 100.3472 180.6250 2205
1523.7651 1769.4668 104.3611 180.6250 2206
1538.5969 1732.6873 108.3750 180.6250 2207
1553.2784 1696.1836 112.3889 180.6250 2208
1468.2126 2012.9192 80.2778 184.6389 2249
1483.6978 1974.3392 84.2917 184.6389 2250
1499.0824 1936.1019 88.3056 184.6389 2251
1514.3776 1898.1313 92.3194 184.6389 2252
1529.5206 1860.4609 96.3333 184.6389 2253
1544.5382 1823.0664 100.3472 184.6389 2254
1559.4078 1785.9373 104.3611 184.6389 2255
1574.0828 1749.0608 108.3750 184.6389 2256
1520.0479 1991.2891 84.2917 188.6528 2299
1535.3097 1952.9688 88.3056 188.6528 2300
1550.4517 1914.8909 92.3194 188.6528 2301
1565.4504 1877.1095 96.3333 188.6528 2302
1571.5122 1969.8217 88.3056 192.6667 2349
1586.5176 1931.6707 92.3194 192.6667 2350
1601.3403 1893.8195 96.3333 192.6667 2351
1607.4783 1986.7019 88.3056 196.6806 2398
1622.3011 1948.5208 92.3194 196.6806 2399
1636.9502 1910.4921 96.3333 196.6806 2400
