583.6512 850.3173 80.2778 88.3056 1098
590.8130 812.7148 84.2917 88.3056 1099
598.1666 775.2722 88.3056 88.3056 1100
605.7267 737.6086 92.3194 88.3056 1101
628.5135 624.4132 104.3611 88.3056 1104
635.9392 586.9538 108.3750 88.3056 1105
643.5408 548.8616 112.3889 88.3056 1106
613.5035 895.2985 76.2639 92.3194 1146
620.8723 857.9402 80.2778 92.3194 1147
635.7764 783.0484 88.3056 92.3194 1149
643.3224 745.4865 92.3194 92.3194 1150
650.9144 707.8826 96.3333 92.3194 1151
658.5735 670.2219 100.3472 92.3194 1152
666.2595 632.4920 104.3611 92.3194 1153
673.9522 594.6899 108.3750 92.3194 1154
681.6975 556.8926 112.3889 92.3194 1155
689.4769 519.2307 116.4028 92.3194 1156
697.2059 481.4666 120.4167 92.3194 1157
650.9976 903.2799 76.2639 96.3333 1195
658.3483 865.9365 80.2778 96.3333 1196
665.7770 828.5087 84.2917 96.3333 1197
673.2904 791.0543 88.3056 96.3333 1198
680.8814 753.5176 92.3194 96.3333 1199
688.4970 715.9307 96.3333 96.3333 1200
696.1901 678.2928 100.3472 96.3333 1201
703.9183 640.5820 104.3611 96.3333 1202
711.6485 602.8377 108.3750 96.3333 1203
719.4363 565.0319 112.3889 96.3333 1204
727.2183 527.2974 116.4028 96.3333 1205
734.9901 489.5617 120.4167 96.3333 1206
666.4139 1022.5168 64.2222 100.3472 1241
673.7031 985.5346 68.2361 100.3472 1242
681.0192 948.4268 72.2500 100.3472 1243
688.4202 911.2002 76.2639 100.3472 1244
695.8141 873.8920 80.2778 100.3472 1245
703.2839 836.4865 84.2917 100.3472 1246
710.8383 799.0609 88.3056 100.3472 1247
718.4672 761.5377 92.3194 100.3472 1248
726.1188 723.9718 96.3333 100.3472 1249
733.8450 686.3704 100.3472 100.3472 1250
741.5950 648.6649 104.3611 100.3472 1251
749.3531 610.9507 108.3750 100.3472 1252
757.1346 573.1790 112.3889 100.3472 1253
764.9446 535.4743 116.4028 100.3472 1254
772.8055 497.7018 120.4167 100.3472 1255
780.6881 459.8376 124.4306 100.3472 1256
788.7516 422.2916 128.4444 100.3472 1257
703.7049 1030.4070 64.2222 104.3611 1290
711.0268 993.4117 68.2361 104.3611 1291
718.4033 956.3160 72.2500 104.3611 1292
725.8378 919.1187 76.2639 104.3611 1293
733.2886 881.8373 80.2778 104.3611 1294
740.7988 844.4661 84.2917 104.3611 1295
748.3950 807.0660 88.3056 104.3611 1296
756.0464 769.5751 92.3194 104.3611 1297
763.7430 732.0194 96.3333 104.3611 1298
771.4944 694.4491 100.3472 104.3611 1299
779.2731 656.7794 104.3611 104.3611 1300
787.0464 619.0756 108.3750 104.3611 1301
794.8602 581.3352 112.3889 104.3611 1302
802.6743 543.6506 116.4028 104.3611 1303
810.5443 505.8929 120.4167 104.3611 1304
818.4470 468.0843 124.4306 104.3611 1305
826.4168 430.3068 128.4444 104.3611 1306
711.5577 1184.9935 48.1667 108.3750 1335
718.9700 1148.4001 52.1806 108.3750 1336
733.6288 1075.0812 60.2083 108.3750 1338
740.9569 1038.2238 64.2222 108.3750 1339
748.3327 1001.2519 68.2361 108.3750 1340
755.7517 964.1909 72.2500 108.3750 1341
763.2352 927.0358 76.2639 108.3750 1342
770.7282 889.7778 80.2778 108.3750 1343
778.2840 852.4363 84.2917 108.3750 1344
785.9177 815.0627 88.3056 108.3750 1345
793.6168 777.5995 92.3194 108.3750 1346
801.3406 740.0862 96.3333 108.3750 1347
809.1156 702.5306 100.3472 108.3750 1348
816.9288 664.8967 104.3611 108.3750 1349
824.7250 627.2177 108.3750 108.3750 1350
832.5409 589.5036 112.3889 108.3750 1351
840.3828 551.8542 116.4028 108.3750 1352
848.2677 514.1015 120.4167 108.3750 1353
856.1662 476.3246 124.4306 108.3750 1354
864.1279 438.5598 128.4444 108.3750 1355
872.1564 400.8445 132.4583 108.3750 1356
748.7620 1192.5417 48.1667 112.3889 1384
756.1292 1156.0820 52.1806 112.3889 1385
763.4577 1119.5626 56.1944 112.3889 1386
770.8259 1082.8732 60.2083 112.3889 1387
778.2091 1046.0394 64.2222 112.3889 1388
785.6444 1009.0857 68.2361 112.3889 1389
793.1035 972.0565 72.2500 112.3889 1390
800.6368 934.9423 76.2639 112.3889 1391
808.1755 897.7094 80.2778 112.3889 1392
815.7701 860.4049 84.2917 112.3889 1393
823.4426 823.0615 88.3056 112.3889 1394
831.1709 785.6292 92.3194 112.3889 1395
838.9257 748.1523 96.3333 112.3889 1396
846.7342 710.6282 100.3472 112.3889 1397
854.5582 673.0240 104.3611 112.3889 1398
862.3868 635.3829 108.3750 112.3889 1399
870.2253 597.6900 112.3889 112.3889 1400
878.0736 560.0688 116.4028 112.3889 1401
885.9771 522.3592 120.4167 112.3889 1402
893.8924 484.5877 124.4306 112.3889 1403
901.8608 446.8582 128.4444 112.3889 1404
909.8636 409.1168 132.4583 112.3889 1405
917.9882 371.4524 136.4722 112.3889 1406
926.4939 333.9763 140.4861 112.3889 1407
785.8110 1200.2135 48.1667 116.4028 1433
793.1870 1163.8282 52.1806 116.4028 1434
800.5699 1127.3102 56.1944 116.4028 1435
807.9973 1090.6270 60.2083 116.4028 1436
815.4446 1053.8347 64.2222 116.4028 1437
822.9206 1016.9229 68.2361 116.4028 1438
830.4437 979.9261 72.2500 116.4028 1439
838.0065 942.8333 76.2639 116.4028 1440
845.5833 905.6365 80.2778 116.4028 1441
853.2147 868.3613 84.2917 116.4028 1442
860.9277 831.0538 88.3056 116.4028 1443
868.6943 793.6542 92.3194 116.4028 1444
876.4746 756.2125 96.3333 116.4028 1445
884.3277 718.7256 100.3472 116.4028 1446
892.1771 681.1541 104.3611 116.4028 1447
900.0203 643.5534 108.3750 116.4028 1448
907.8812 605.9030 112.3889 116.4028 1449
915.7432 568.3078 116.4028 116.4028 1450
923.6560 530.6157 120.4167 116.4028 1451
931.5716 492.8860 124.4306 116.4028 1452
939.5563 455.1548 128.4444 116.4028 1453
947.5621 417.4573 132.4583 116.4028 1454
963.8292 342.1846 140.4861 116.4028 1456
830.2322 1171.5325 52.1806 120.4167 1483
837.6774 1135.0330 56.1944 120.4167 1484
845.1492 1098.3868 60.2083 120.4167 1485
852.6501 1061.5983 64.2222 120.4167 1486
860.1943 1024.7299 68.2361 120.4167 1487
867.7496 987.7711 72.2500 120.4167 1488
875.3603 950.7140 76.2639 120.4167 1489
882.9799 913.5515 80.2778 120.4167 1490
890.6411 876.3171 84.2917 120.4167 1491
898.3892 839.0421 88.3056 120.4167 1492
906.1942 801.6805 92.3194 120.4167 1493
914.0076 764.2881 96.3333 120.4167 1494
921.8785 726.8362 100.3472 120.4167 1495
929.7500 689.2977 104.3611 120.4167 1496
937.6169 651.7212 108.3750 120.4167 1497
945.4976 614.1083 112.3889 120.4167 1498
953.3869 576.5535 116.4028 120.4167 1499
961.3134 538.9045 120.4167 120.4167 1500
969.2456 501.1939 124.4306 120.4167 1501
977.2397 463.5045 128.4444 120.4167 1502
985.2421 425.8237 132.4583 120.4167 1503
993.3052 388.1593 136.4722 120.4167 1504
1001.4591 350.6050 140.4861 120.4167 1505
859.8165 1215.5587 48.1667 124.4306 1531
867.2706 1179.2036 52.1806 124.4306 1532
874.7791 1142.7345 56.1944 124.4306 1533
882.2997 1106.1176 60.2083 124.4306 1534
889.8513 1069.3781 64.2222 124.4306 1535
897.4149 1032.5259 68.2361 124.4306 1536
905.0156 995.6133 72.2500 124.4306 1537
912.6571 958.5846 76.2639 124.4306 1538
920.3206 921.4662 80.2778 124.4306 1539
928.0294 884.2484 84.2917 124.4306 1540
935.8181 847.0126 88.3056 124.4306 1541
943.6444 809.7008 92.3194 124.4306 1542
951.4849 772.3550 96.3333 124.4306 1543
959.3841 734.9447 100.3472 124.4306 1544
967.2741 697.4525 104.3611 124.4306 1545
975.1717 659.9067 108.3750 124.4306 1546
983.0743 622.3402 112.3889 124.4306 1547
990.9811 584.8152 116.4028 124.4306 1548
998.9267 547.1920 120.4167 124.4306 1549
1006.8762 509.5215 124.4306 124.4306 1550
1014.8730 471.8614 128.4444 124.4306 1551
1022.8857 434.2074 132.4583 124.4306 1552
1030.9481 396.5793 136.4722 124.4306 1553
1039.0583 359.0121 140.4861 124.4306 1554
1047.2291 321.5861 144.5000 124.4306 1555
1055.2501 284.6235 148.5139 124.4306 1556
896.7385 1223.1682 48.1667 128.4444 1580
904.2505 1186.8557 52.1806 128.4444 1581
911.7988 1150.4135 56.1944 128.4444 1582
919.3710 1113.8331 60.2083 128.4444 1583
926.9603 1077.1207 64.2222 128.4444 1584
934.5754 1040.3151 68.2361 128.4444 1585
942.2243 1003.4405 72.2500 128.4444 1586
949.9122 966.4531 76.2639 128.4444 1587
957.6061 929.3499 80.2778 128.4444 1588
965.3577 892.1757 84.2917 128.4444 1589
973.1564 854.9816 88.3056 128.4444 1590
981.0207 817.6996 92.3194 128.4444 1591
988.8989 780.4127 96.3333 128.4444 1592
996.8132 743.0454 100.3472 128.4444 1593
1004.7356 705.5811 104.3611 128.4444 1594
1012.6420 668.0742 108.3750 128.4444 1595
1020.5616 630.5511 112.3889 128.4444 1596
1028.4973 593.0657 116.4028 128.4444 1597
1036.4620 555.4924 120.4167 128.4444 1598
1044.4220 517.8660 124.4306 128.4444 1599
1052.4280 480.2342 128.4444 128.4444 1600
1060.4468 442.6157 132.4583 128.4444 1601
1068.5054 405.0158 136.4722 128.4444 1602
1076.6001 367.4604 140.4861 128.4444 1603
1084.7892 330.0049 144.5000 128.4444 1604
1092.7953 293.0322 148.5139 128.4444 1605
933.5479 1230.7528 48.1667 132.4583 1629
941.1116 1194.4672 52.1806 132.4583 1630
948.7143 1158.0538 56.1944 132.4583 1631
956.3347 1121.5121 60.2083 132.4583 1632
963.9683 1084.8424 64.2222 132.4583 1633
971.6230 1048.0571 68.2361 132.4583 1634
979.3092 1011.2226 72.2500 132.4583 1635
987.0391 974.2808 76.2639 132.4583 1636
994.7763 937.2195 80.2778 132.4583 1637
1002.5488 900.0829 84.2917 132.4583 1638
1049.9989 676.2526 108.3750 132.4583 1639
1057.9349 638.7513 112.3889 132.4583 1640
1065.8750 601.3182 116.4028 132.4583 1641
1073.8553 563.7762 120.4167 132.4583 1642
1081.8304 526.1926 124.4306 132.4583 1643
1089.8407 488.6029 128.4444 132.4583 1644
1097.8625 451.0322 132.4583 132.4583 1645
1105.9329 413.4604 136.4722 132.4583 1646
1114.0232 375.9314 140.4861 132.4583 1647
1122.1455 338.5046 144.5000 132.4583 1648
1130.1323 301.3592 148.5139 132.4583 1649
962.8576 1274.4418 44.1528 136.4722 1672
970.4160 1238.3068 48.1667 136.4722 1673
978.0235 1202.0558 52.1806 136.4722 1674
985.6758 1165.6860 56.1944 136.4722 1675
993.3477 1129.1805 60.2083 136.4722 1676
1001.0150 1092.5576 64.2222 136.4722 1677
1008.7047 1055.8307 68.2361 136.4722 1678
1016.4339 1019.0129 72.2500 136.4722 1679
1024.1997 982.1089 76.2639 136.4722 1680
1031.9774 945.1021 80.2778 136.4722 1681
1039.7770 908.0127 84.2917 136.4722 1682
1087.3751 684.4471 108.3750 136.4722 1683
1095.3336 646.9855 112.3889 136.4722 1684
1103.2943 609.5791 116.4028 136.4722 1685
1111.2804 572.0811 120.4167 136.4722 1686
1119.2614 534.5557 124.4306 136.4722 1687
1127.2843 497.0115 128.4444 136.4722 1688
1135.3184 459.4708 132.4583 136.4722 1689
1143.3905 421.9421 136.4722 136.4722 1690
1151.4734 384.4469 140.4861 136.4722 1691
1159.5730 347.0365 144.5000 136.4722 1692
1167.5759 309.9697 148.5139 136.4722 1693
999.6091 1281.9219 44.1528 140.4861 1716
1007.2131 1245.8325 48.1667 140.4861 1717
1014.8738 1209.6105 52.1806 140.4861 1718
1022.5681 1173.2924 56.1944 140.4861 1719
1030.2844 1136.8435 60.2083 140.4861 1720
1037.9923 1100.2572 64.2222 140.4861 1721
1045.7249 1063.5673 68.2361 140.4861 1722
1053.4861 1026.7858 72.2500 140.4861 1723
1061.2960 989.9203 76.2639 140.4861 1724
1069.0906 952.9677 80.2778 140.4861 1725
1076.9249 915.9413 84.2917 140.4861 1726
1124.6709 692.6071 108.3750 140.4861 1727
1132.6582 655.1973 112.3889 140.4861 1728
1140.6163 617.8603 116.4028 140.4861 1729
1148.6244 580.4036 120.4167 140.4861 1730
1156.6146 542.9170 124.4306 140.4861 1731
1164.6537 505.4246 128.4444 140.4861 1732
1172.6846 467.9234 132.4583 140.4861 1733
1180.7592 430.4373 136.4722 140.4861 1734
1188.8535 392.9796 140.4861 140.4861 1735
1196.9230 355.6109 144.5000 140.4861 1736
1036.2998 1289.3550 44.1528 144.5000 1760
1043.9476 1253.3151 48.1667 144.5000 1761
1051.6498 1217.1459 52.1806 144.5000 1762
1059.4027 1180.8741 56.1944 144.5000 1763
1067.1458 1144.4739 60.2083 144.5000 1764
1074.9088 1107.9344 64.2222 144.5000 1765
1082.6794 1071.2854 68.2361 144.5000 1766
1090.4769 1034.5470 72.2500 144.5000 1767
1098.3174 997.7134 76.2639 144.5000 1768
1106.1294 960.8163 80.2778 144.5000 1769
1113.9901 923.8396 84.2917 144.5000 1770
1161.9047 700.7779 108.3750 144.5000 1771
1169.8993 663.4340 112.3889 144.5000 1772
1177.8827 626.1217 116.4028 144.5000 1773
1185.8990 588.7181 120.4167 144.5000 1774
1193.8965 551.2822 124.4306 144.5000 1775
1201.9393 513.8346 128.4444 144.5000 1776
1209.9807 476.3788 132.4583 144.5000 1777
1218.0588 438.9351 136.4722 144.5000 1778
1226.1447 401.5238 140.4861 144.5000 1779
1234.2137 364.1916 144.5000 144.5000 1780
1057.5253 1368.5183 36.1250 148.5139 1802
1065.2158 1332.5797 40.1389 148.5139 1803
1072.9169 1296.7423 44.1528 148.5139 1804
1088.3773 1224.6422 52.1806 148.5139 1806
1096.1578 1188.4327 56.1944 148.5139 1807
1103.9542 1152.0667 60.2083 148.5139 1808
1111.7592 1115.5782 64.2222 148.5139 1809
1119.5687 1078.9818 68.2361 148.5139 1810
1127.4044 1042.3054 72.2500 148.5139 1811
1135.2623 1005.5234 76.2639 148.5139 1812
1143.1025 968.6593 80.2778 148.5139 1813
1150.9940 931.7223 84.2917 148.5139 1814
1199.0376 708.9551 108.3750 148.5139 1815
1207.0505 671.6388 112.3889 148.5139 1816
1215.0560 634.3928 116.4028 148.5139 1817
1223.0771 597.0429 120.4167 148.5139 1818
1231.0922 559.6459 124.4306 148.5139 1819
1239.1334 522.2482 128.4444 148.5139 1820
1247.1954 484.8338 132.4583 148.5139 1821
1255.2770 447.4507 136.4722 148.5139 1822
1263.3655 410.0852 140.4861 148.5139 1823
1271.4130 372.8022 144.5000 148.5139 1824
1279.3354 335.6318 148.5139 148.5139 1825
1094.0698 1376.0695 36.1250 152.5278 1846
1101.6998 1339.9119 40.1389 152.5278 1847
1109.4513 1304.0753 44.1528 152.5278 1848
1117.2010 1268.1625 48.1667 152.5278 1849
1125.0031 1232.1050 52.1806 152.5278 1850
1132.8425 1195.9484 56.1944 152.5278 1851
1140.6846 1159.6399 60.2083 152.5278 1852
1148.5320 1123.2026 64.2222 152.5278 1853
1156.3829 1086.6588 68.2361 152.5278 1854
1164.2394 1050.0315 72.2500 152.5278 1855
1172.1362 1013.3105 76.2639 152.5278 1856
1180.0096 976.5067 80.2778 152.5278 1857
1187.9338 939.6088 84.2917 152.5278 1858
1195.9150 902.6818 88.3056 152.5278 1859
1203.9318 865.6675 92.3194 152.5278 1860
1211.9562 828.5995 96.3333 152.5278 1861
1220.0188 791.5168 100.3472 152.5278 1862
1228.0660 754.3423 104.3611 152.5278 1863
1236.0970 717.1039 108.3750 152.5278 1864
1244.1267 679.8506 112.3889 152.5278 1865
1252.1426 642.6506 116.4028 152.5278 1866
1260.1813 605.3643 120.4167 152.5278 1867
1268.2062 568.0173 124.4306 152.5278 1868
1276.2588 530.6780 128.4444 152.5278 1869
1284.3213 493.3068 132.4583 152.5278 1870
1292.3938 455.9638 136.4722 152.5278 1871
1300.4728 418.6522 140.4861 152.5278 1872
1308.5319 381.4433 144.5000 152.5278 1873
1316.4535 344.4438 148.5139 152.5278 1874
1138.0607 1347.1702 40.1389 156.5417 1896
1153.7070 1275.5399 48.1667 156.5417 1898
1161.5587 1239.5376 52.1806 156.5417 1899
1169.4359 1203.4342 56.1944 156.5417 1900
1177.3201 1167.1713 60.2083 156.5417 1901
1185.1971 1130.8044 64.2222 156.5417 1902
1193.0819 1094.3231 68.2361 156.5417 1903
1200.9862 1057.7358 72.2500 156.5417 1904
1208.9150 1021.0654 76.2639 156.5417 1905
1216.8300 984.3145 80.2778 156.5417 1906
1224.7805 947.4715 84.2917 156.5417 1907
1232.7935 910.6015 88.3056 156.5417 1908
1240.8323 873.6377 92.3194 156.5417 1909
1248.8811 836.6066 96.3333 156.5417 1910
1256.9587 799.5699 100.3472 156.5417 1911
1265.0222 762.4615 104.3611 156.5417 1912
1273.0714 725.2641 108.3750 156.5417 1913
1281.1146 688.0688 112.3889 156.5417 1914
1289.1455 650.9169 116.4028 156.5417 1915
1297.1913 613.6665 120.4167 156.5417 1916
1305.2220 576.3819 124.4306 156.5417 1917
1313.2803 539.0786 128.4444 156.5417 1918
1321.3334 501.7760 132.4583 156.5417 1919
1329.4121 464.4872 136.4722 156.5417 1920
1337.4844 427.2288 140.4861 156.5417 1921
1345.5304 390.0824 144.5000 156.5417 1922
1353.3870 353.4885 148.5139 156.5417 1923
1174.3638 1354.3440 40.1389 160.5556 1945
1190.1077 1282.8711 48.1667 160.5556 1947
1198.0046 1246.9338 52.1806 160.5556 1948
1205.9237 1210.8820 56.1944 160.5556 1949
1213.8522 1174.6831 60.2083 160.5556 1950
1221.7660 1138.3717 64.2222 160.5556 1951
1229.6989 1101.9453 68.2361 160.5556 1952
1237.6301 1065.4260 72.2500 160.5556 1953
1245.5990 1028.8055 76.2639 160.5556 1954
1253.5469 992.0977 80.2778 160.5556 1955
1261.5281 955.3085 84.2917 160.5556 1956
1269.5577 918.4958 88.3056 160.5556 1957
1277.6282 881.5861 92.3194 160.5556 1958
1285.6925 844.6154 96.3333 160.5556 1959
1293.7893 807.6164 100.3472 160.5556 1960
1301.8804 770.5496 104.3611 160.5556 1961
1309.9496 733.4202 108.3750 160.5556 1962
1318.0087 696.2582 112.3889 160.5556 1963
1326.0341 659.1675 116.4028 160.5556 1964
1334.0768 621.9890 120.4167 160.5556 1965
1342.1160 584.7433 124.4306 160.5556 1966
1350.1813 547.4924 128.4444 160.5556 1967
1358.2292 510.2529 132.4583 160.5556 1968
1366.3109 473.0149 136.4722 160.5556 1969
1374.3777 435.8212 140.4861 160.5556 1970
1382.3959 398.7309 144.5000 160.5556 1971
1390.6140 361.6104 148.5139 160.5556 1972
1210.6278 1361.5269 40.1389 164.5694 1994
1218.5142 1325.8409 44.1528 164.5694 1995
1226.4504 1290.1464 48.1667 164.5694 1996
1234.3970 1254.2870 52.1806 164.5694 1997
1242.3533 1218.3020 56.1944 164.5694 1998
1250.3247 1182.1759 60.2083 164.5694 1999
1258.2827 1145.9233 64.2222 164.5694 2000
1266.2452 1109.5458 68.2361 164.5694 2001
1274.2169 1073.0823 72.2500 164.5694 2002
1282.2209 1036.5302 76.2639 164.5694 2003
1290.2151 999.8834 80.2778 164.5694 2004
1298.2133 963.1436 84.2917 164.5694 2005
1306.2646 926.3864 88.3056 164.5694 2006
1314.3536 889.5323 92.3194 164.5694 2007
1322.4496 852.6183 96.3333 164.5694 2008
1330.5715 815.6636 100.3472 164.5694 2009
1338.6852 778.6328 104.3611 164.5694 2010
1346.7690 741.5587 108.3750 164.5694 2011
1354.8204 704.4798 112.3889 164.5694 2012
1362.8563 667.4370 116.4028 164.5694 2013
1370.9160 630.2969 120.4167 164.5694 2014
1378.9504 593.1016 124.4306 164.5694 2015
1387.0140 555.9180 128.4444 164.5694 2016
1395.0594 518.7252 132.4583 164.5694 2017
1403.1207 481.5477 136.4722 164.5694 2018
1270.6820 1261.6006 52.1806 168.5833 2046
1278.6908 1225.6866 56.1944 168.5833 2047
1286.7053 1189.6240 60.2083 168.5833 2048
1294.7130 1153.4406 64.2222 168.5833 2049
1302.7177 1117.1310 68.2361 168.5833 2050
1310.7133 1080.7159 72.2500 168.5833 2051
1318.7552 1044.2166 76.2639 168.5833 2052
1326.7666 1007.6235 80.2778 168.5833 2053
1334.7988 970.9626 84.2917 168.5833 2054
1342.8865 934.2530 88.3056 168.5833 2055
1350.9930 897.4595 92.3194 168.5833 2056
1359.1083 860.5978 96.3333 168.5833 2057
1367.2574 823.7099 100.3472 168.5833 2058
1375.3848 786.7244 104.3611 168.5833 2059
1383.4724 749.7133 108.3750 168.5833 2060
1391.5289 712.6757 112.3889 168.5833 2061
1399.5676 675.6902 116.4028 168.5833 2062
1407.6400 638.6046 120.4167 168.5833 2063
1415.6758 601.4709 124.4306 168.5833 2064
1423.7310 564.3421 128.4444 168.5833 2065
1431.7827 527.2093 132.4583 168.5833 2066
1439.8319 490.0998 136.4722 168.5833 2067
1314.9266 1233.0386 56.1944 172.5972 2096
1322.9843 1197.0378 60.2083 172.5972 2097
1331.0280 1160.9203 64.2222 172.5972 2098
1339.0778 1124.6820 68.2361 172.5972 2099
1347.1156 1088.3450 72.2500 172.5972 2100
1355.1798 1051.9106 76.2639 172.5972 2101
1363.2142 1015.3715 80.2778 172.5972 2102
1371.2806 978.7472 84.2917 172.5972 2103
1379.3896 942.1045 88.3056 172.5972 2104
1387.5323 905.3644 92.3194 172.5972 2105
1395.6580 868.5677 96.3333 172.5972 2106
1403.8230 831.7273 100.3472 172.5972 2107
1411.9548 794.8112 104.3611 172.5972 2108
1420.0552 757.8576 108.3750 172.5972 2109
1428.1263 720.8970 112.3889 172.5972 2110
1436.1831 683.9505 116.4028 172.5972 2111
1444.2518 646.9141 120.4167 172.5972 2112
1452.2859 609.8352 124.4306 172.5972 2113
1460.3440 572.7585 128.4444 172.5972 2114
1468.3763 535.6946 132.4583 172.5972 2115
1351.0328 1240.3398 56.1944 176.6111 2145
1359.1355 1204.4202 60.2083 176.6111 2146
1367.2192 1168.3646 64.2222 176.6111 2147
1375.3066 1132.1875 68.2361 176.6111 2148
1383.3855 1095.9235 72.2500 176.6111 2149
1391.4756 1059.5480 76.2639 176.6111 2150
1399.5482 1023.0751 80.2778 176.6111 2151
1407.6365 986.5235 84.2917 176.6111 2152
1415.7828 949.9330 88.3056 176.6111 2153
1423.9431 913.2471 92.3194 176.6111 2154
1432.0835 876.5228 96.3333 176.6111 2155
1440.2729 839.7337 100.3472 176.6111 2156
1448.4275 802.8799 104.3611 176.6111 2157
1456.5278 765.9874 108.3750 176.6111 2158
1464.6050 729.0645 112.3889 176.6111 2159
1472.6666 692.1880 116.4028 176.6111 2160
1480.7400 655.2089 120.4167 176.6111 2161
1488.7769 618.1943 124.4306 176.6111 2162
1496.8181 581.1842 128.4444 176.6111 2163
1387.0311 1247.5116 56.1944 180.6250 2194
1395.1663 1211.7452 60.2083 180.6250 2195
1403.2892 1175.7686 64.2222 180.6250 2196
1411.4070 1139.6643 68.2361 180.6250 2197
1419.5214 1103.4711 72.2500 180.6250 2198
1427.6519 1067.1589 76.2639 180.6250 2199
1435.7599 1030.7572 80.2778 180.6250 2200
1443.8817 994.2697 84.2917 180.6250 2201
1452.0361 957.7332 88.3056 180.6250 2202
1460.2235 921.1145 92.3194 180.6250 2203
1468.3977 884.4589 96.3333 180.6250 2204
1476.5824 847.7270 100.3472 180.6250 2205
1484.7482 810.9417 104.3611 180.6250 2206
1492.8656 774.1033 108.3750 180.6250 2207
1500.9559 737.2408 112.3889 180.6250 2208
1509.0087 700.4261 116.4028 180.6250 2209
1517.0867 663.5130 120.4167 180.6250 2210
1525.1019 626.5649 124.4306 180.6250 2211
1533.1428 589.6205 128.4444 180.6250 2212
1422.9365 1254.6624 56.1944 184.6389 2243
1431.0973 1218.9561 60.2083 184.6389 2244
1439.2300 1183.1243 64.2222 184.6389 2245
1447.3868 1147.1029 68.2361 184.6389 2246
1455.5197 1110.9750 72.2500 184.6389 2247
1463.6926 1074.7446 76.2639 184.6389 2248
1471.8278 1038.4102 80.2778 184.6389 2249
1479.9768 1001.9844 84.2917 184.6389 2250
1488.1613 965.5257 88.3056 184.6389 2251
1496.3704 928.9681 92.3194 184.6389 2252
1504.5558 892.3620 96.3333 184.6389 2253
1512.7664 855.7019 100.3472 184.6389 2254
1520.9377 818.9794 104.3611 184.6389 2255
1529.0557 782.2061 108.3750 184.6389 2256
1537.1572 745.4109 112.3889 184.6389 2257
1545.2208 708.6405 116.4028 184.6389 2258
1553.2921 671.7886 120.4167 184.6389 2259
1475.0083 1190.4115 64.2222 188.6528 2294
1483.2136 1154.4602 68.2361 188.6528 2295
1491.3986 1118.4496 72.2500 188.6528 2296
1499.5895 1082.2834 76.2639 188.6528 2297
1507.7526 1046.0238 80.2778 188.6528 2298
1515.9327 1009.6609 84.2917 188.6528 2299
1524.1359 973.2766 88.3056 188.6528 2300
1532.3698 936.7800 92.3194 188.6528 2301
1540.5707 900.2502 96.3333 188.6528 2302
1548.7960 863.6548 100.3472 188.6528 2303
1556.9764 827.0056 104.3611 188.6528 2304
1565.1072 790.2951 108.3750 188.6528 2305
1573.2118 753.5611 112.3889 188.6528 2306
1581.2700 716.8747 116.4028 188.6528 2307
1527.0957 1125.7872 72.2500 192.6667 2345
1543.5087 1053.5691 80.2778 192.6667 2347
1551.7122 1017.3100 84.2917 192.6667 2348
1559.9456 980.9913 88.3056 192.6667 2349
1568.1854 944.5709 92.3194 192.6667 2350
1576.4224 908.0934 96.3333 192.6667 2351
1584.6467 871.5827 100.3472 192.6667 2352
1592.8429 835.0005 104.3611 192.6667 2353
1600.9667 798.3474 108.3750 192.6667 2354
1609.0663 761.6803 112.3889 192.6667 2355
1617.1100 725.2561 116.4028 192.6667 2356
1562.5063 1132.9529 72.2500 196.6806 2394
1570.8737 1096.9225 76.2639 196.6806 2395
1579.0105 1061.0876 80.2778 196.6806 2396
1587.3361 1024.7903 84.2917 196.6806 2397
1595.6152 988.5316 88.3056 196.6806 2398
1612.1284 915.8271 96.3333 196.6806 2400
1628.5529 842.9601 104.3611 196.6806 2402
1636.6387 806.4672 108.3750 196.6806 2403
1644.5056 769.7016 112.3889 196.6806 2404
1652.3451 733.4492 116.4028 196.6806 2405
1622.4897 1032.4537 84.2917 200.6944 2446
1630.7124 996.3709 88.3056 200.6944 2447
1639.0718 959.8782 92.3194 200.6944 2448
1647.3199 923.6824 96.3333 200.6944 2449
1655.5439 887.2919 100.3472 200.6944 2450
1663.6561 850.7722 104.3611 200.6944 2451
1671.9702 814.5517 108.3750 200.6944 2452
