1443.7560 122.6915 100.3472 100.3472 1250
1443.2338 80.9299 104.3611 100.3472 1251
1442.6918 38.7496 108.3750 100.3472 1252
1484.0812 244.5224 88.3056 104.3611 1296
1483.7606 203.7816 92.3194 104.3611 1297
1483.4182 162.6534 96.3333 104.3611 1298
1483.1013 121.1370 100.3472 104.3611 1299
1482.7897 79.1827 104.3611 104.3611 1300
1482.4365 36.8166 108.3750 104.3611 1301
1523.3098 283.9703 84.2917 108.3750 1344
1523.1471 243.4884 88.3056 108.3750 1345
1523.0212 202.5831 92.3194 108.3750 1346
1522.8868 161.2835 96.3333 108.3750 1347
1522.7769 119.5841 100.3472 108.3750 1348
1522.6490 77.4527 104.3611 108.3750 1349
1522.5043 34.8963 108.3750 108.3750 1350
1562.5321 363.2767 76.2639 112.3889 1391
1562.4912 323.4117 80.2778 112.3889 1392
1562.4808 283.1112 84.2917 112.3889 1393
1562.5245 242.4715 88.3056 112.3889 1394
1562.5981 201.3950 92.3194 112.3889 1395
1562.6627 159.9180 96.3333 112.3889 1396
1562.7726 118.0387 100.3472 112.3889 1397
1562.8557 75.7238 104.3611 112.3889 1398
1562.9131 32.9837 108.3750 112.3889 1399
1601.3530 402.3896 72.2500 116.4028 1439
1601.5632 362.7728 76.2639 116.4028 1440
1601.7533 322.7141 80.2778 116.4028 1441
1601.9526 282.2618 84.2917 116.4028 1442
1602.2063 241.4530 88.3056 116.4028 1443
1602.4807 200.2059 92.3194 116.4028 1444
1602.7635 158.5609 96.3333 116.4028 1445
1603.0647 116.5115 100.3472 116.4028 1446
1603.3663 74.0099 104.3611 116.4028 1447
1603.6259 31.0849 108.3750 116.4028 1448
1640.4810 402.0374 72.2500 120.4167 1488
1640.9081 362.2444 76.2639 120.4167 1489
1641.3071 322.0349 80.2778 120.4167 1490
1641.7114 281.4206 84.2917 120.4167 1491
1642.1735 240.4486 88.3056 120.4167 1492
1642.6602 199.0324 92.3194 120.4167 1493
1643.1552 157.2159 96.3333 120.4167 1494
1643.6780 114.9835 100.3472 120.4167 1495
1644.1854 72.3035 104.3611 120.4167 1496
1644.6578 29.1994 108.3750 120.4167 1497
1679.2750 441.2195 68.2361 124.4306 1536
1679.8986 401.6795 72.2500 124.4306 1537
1680.5220 361.7293 76.2639 124.4306 1538
1681.1306 321.3621 80.2778 124.4306 1539
1681.7565 280.5863 84.2917 124.4306 1540
1682.4355 239.4522 88.3056 124.4306 1541
1683.1322 197.8692 92.3194 124.4306 1542
1683.8450 155.8819 96.3333 124.4306 1543
1684.5806 113.4759 100.3472 124.4306 1544
1685.3087 70.6103 104.3611 124.4306 1545
1685.9998 27.3279 108.3750 124.4306 1546
1718.7067 441.0155 68.2361 128.4444 1585
1719.5295 401.3230 72.2500 128.4444 1586
1720.3944 361.2131 76.2639 128.4444 1587
1721.2135 320.6894 80.2778 128.4444 1588
1722.0562 279.7632 84.2917 128.4444 1589
1722.9497 238.4698 88.3056 128.4444 1590
1723.8667 196.7118 92.3194 128.4444 1591
1724.7870 154.5501 96.3333 128.4444 1592
1725.7504 111.9660 100.3472 128.4444 1593
1726.7050 68.9278 104.3611 128.4444 1594
1727.6267 25.4563 108.3750 128.4444 1595
1757.2831 480.2702 64.2222 132.4583 1633
1758.3340 440.8227 68.2361 132.4583 1634
1759.3832 400.9757 72.2500 132.4583 1635
1760.4478 360.7184 76.2639 132.4583 1636
1761.4781 320.0429 80.2778 132.4583 1637
1762.5260 278.9584 84.2917 132.4583 1638
1797.0503 480.2372 64.2222 136.4722 1677
1798.3159 440.6395 68.2361 136.4722 1678
1799.5693 400.6492 72.2500 136.4722 1679
1800.8613 360.2318 76.2639 136.4722 1680
1802.1135 319.3986 80.2778 136.4722 1681
1803.3931 278.1491 84.2917 136.4722 1682
1837.0629 480.2047 64.2222 140.4861 1721
1838.5425 440.4724 68.2361 140.4861 1722
1840.0277 400.3245 72.2500 140.4861 1723
1841.5297 359.7574 76.2639 140.4861 1724
1843.0151 318.7649 80.2778 140.4861 1725
1844.5164 277.3630 84.2917 140.4861 1726
1877.3329 480.1766 64.2222 144.5000 1765
1879.0328 440.2986 68.2361 144.5000 1766
1880.7456 400.0016 72.2500 144.5000 1767
1882.4777 359.2868 76.2639 144.5000 1768
1884.1785 318.1411 80.2778 144.5000 1769
1885.9169 276.5631 84.2917 144.5000 1770
1917.8419 480.1497 64.2222 148.5139 1809
1919.7772 440.1330 68.2361 148.5139 1810
1921.7189 399.6920 72.2500 148.5139 1811
1923.6842 358.8242 76.2639 148.5139 1812
1925.6223 317.5213 80.2778 148.5139 1813
1927.5885 275.7891 84.2917 148.5139 1814
1958.5969 480.1255 64.2222 152.5278 1853
1960.7791 439.9740 68.2361 152.5278 1854
1962.9601 399.3891 72.2500 152.5278 1855
1965.1566 358.3671 76.2639 152.5278 1856
1967.3385 316.9087 80.2778 152.5278 1857
1969.5436 275.0124 84.2917 152.5278 1858
1971.8214 232.7206 88.3056 152.5278 1859
1974.1359 189.9619 92.3194 152.5278 1860
1976.4728 146.7425 96.3333 152.5278 1861
1978.8728 103.0370 100.3472 152.5278 1862
1981.2791 58.8487 104.3611 152.5278 1863
1999.6180 480.0959 64.2222 156.5417 1902
2002.0400 439.8056 68.2361 156.5417 1903
2004.4528 399.0772 72.2500 156.5417 1904
2006.8989 357.9086 76.2639 156.5417 1905
2009.3163 316.2945 80.2778 156.5417 1906
2011.7771 274.2307 84.2917 156.5417 1907
2014.3124 231.7646 88.3056 156.5417 1908
2016.8895 188.8340 92.3194 156.5417 1909
2019.4851 145.4338 96.3333 156.5417 1910
2022.1526 101.5372 100.3472 156.5417 1911
2024.8231 57.1395 104.3611 156.5417 1912
2040.8724 480.0618 64.2222 160.5556 1951
2043.5291 439.6385 68.2361 160.5556 1952
2046.1993 398.7706 72.2500 160.5556 1953
2048.8950 357.4495 76.2639 160.5556 1954
2051.5632 315.6768 80.2778 160.5556 1955
2054.2791 273.4503 84.2917 160.5556 1956
2057.0703 230.8066 88.3056 160.5556 1957
2059.9233 187.6883 92.3194 160.5556 1958
2062.8025 144.1017 96.3333 160.5556 1959
2065.7334 100.0190 100.3472 160.5556 1960
2068.6826 55.4211 104.3611 160.5556 1961
2079.4678 519.9264 60.2083 164.5694 1999
2082.4185 480.0190 64.2222 164.5694 2000
2085.3362 439.4601 68.2361 164.5694 2001
2088.2578 398.4517 72.2500 164.5694 2002
2091.2056 356.9872 76.2639 164.5694 2003
2094.1382 315.0502 80.2778 164.5694 2004
2097.1179 272.6420 84.2917 164.5694 2005
2100.1775 229.8338 88.3056 164.5694 2006
2103.2949 186.5232 92.3194 164.5694 2007
2106.4438 142.7456 96.3333 164.5694 2008
2109.6648 98.4764 100.3472 164.5694 2009
2112.9124 53.6533 104.3611 164.5694 2010
2120.9539 519.9813 60.2083 168.5833 2048
2124.2200 479.9036 64.2222 168.5833 2049
2127.4146 439.2664 68.2361 168.5833 2050
2130.5972 398.1083 72.2500 168.5833 2051
2133.8237 356.4993 76.2639 168.5833 2052
2137.0229 314.3956 80.2778 168.5833 2053
2140.2725 271.8312 84.2917 168.5833 2054
2143.6047 228.8416 88.3056 168.5833 2055
2146.9971 185.3431 92.3194 168.5833 2056
2150.4363 141.3752 96.3333 168.5833 2057
2153.9495 96.8991 100.3472 168.5833 2058
2157.4844 51.8659 104.3611 168.5833 2059
2162.7036 519.9293 60.2083 172.5972 2097
2166.2935 479.6954 64.2222 172.5972 2098
2169.7712 439.0535 68.2361 172.5972 2099
2173.2261 397.7551 72.2500 172.5972 2100
2176.7185 355.9875 76.2639 172.5972 2101
2180.1960 313.7358 80.2778 172.5972 2102
2183.7256 270.9985 84.2917 172.5972 2103
2187.3440 227.8267 88.3056 172.5972 2104
2191.0249 184.1308 92.3194 172.5972 2105
2194.7571 139.9686 96.3333 172.5972 2106
2198.5745 95.2822 100.3472 172.5972 2107
2202.4280 50.0202 104.3611 172.5972 2108
2205.0117 519.9250 60.2083 176.6111 2146
2208.6047 479.5161 64.2222 176.6111 2147
2212.3943 438.7251 68.2361 176.6111 2148
2216.1345 397.3846 72.2500 176.6111 2149
2219.9114 355.4608 76.2639 176.6111 2150
2223.6672 313.0526 80.2778 176.6111 2151
2227.4917 270.1296 84.2917 176.6111 2152
2231.4006 226.7788 88.3056 176.6111 2153
2235.3872 182.8890 92.3194 176.6111 2154
2239.4211 138.5118 96.3333 176.6111 2155
2243.5525 93.6111 100.3472 176.6111 2156
2247.7307 48.1247 104.3611 176.6111 2157
2255.3030 438.3308 68.2361 180.6250 2197
2259.3240 396.9310 72.2500 180.6250 2198
2263.3916 354.9098 76.2639 180.6250 2199
2267.4543 312.3282 80.2778 180.6250 2200
2271.5718 269.2369 84.2917 180.6250 2201
2275.7927 225.6941 88.3056 180.6250 2202
2280.0823 181.6055 92.3194 180.6250 2203
2284.4312 137.0185 96.3333 180.6250 2204
2288.8862 91.8916 100.3472 180.6250 2205
2293.3862 46.1799 104.3611 180.6250 2206
2298.3838 437.9490 68.2361 184.6389 2246
2302.8169 396.3395 72.2500 184.6389 2247
2307.1687 354.2652 76.2639 184.6389 2248
2311.5444 311.5620 80.2778 184.6389 2249
2315.9739 268.2986 84.2917 184.6389 2250
2320.5046 224.5744 88.3056 184.6389 2251
2325.1218 180.2854 92.3194 184.6389 2252
2329.8037 135.4736 96.3333 184.6389 2253
2334.5781 90.1193 100.3472 184.6389 2254
2339.4150 44.1738 104.3611 184.6389 2255
2346.5120 395.5734 72.2500 188.6528 2296
2351.1829 353.5503 76.2639 188.6528 2297
2355.9375 310.6764 80.2778 188.6528 2298
2360.6841 267.3156 84.2917 188.6528 2299
2365.5457 223.4048 88.3056 188.6528 2300
2370.4995 178.9059 92.3194 188.6528 2301
2375.5171 133.8795 96.3333 188.6528 2302
2380.6416 88.2895 100.3472 188.6528 2303
2385.8262 42.1180 104.3611 188.6528 2304
2395.5557 352.7981 76.2639 192.6667 2346
2400.5166 309.6703 80.2778 192.6667 2347
2405.6042 266.2475 84.2917 192.6667 2348
2410.8601 222.1316 88.3056 192.6667 2349
2416.1680 177.4664 92.3194 192.6667 2350
2421.5542 132.2203 96.3333 192.6667 2351
2427.0364 86.4091 100.3472 192.6667 2352
