23.6959 797.5909 96.3333 88.3056 1102
30.3667 757.0107 100.3472 88.3056 1103
37.0487 716.4216 104.3611 88.3056 1104
43.7488 675.8456 108.3750 88.3056 1105
50.4805 635.3037 112.3889 88.3056 1106
57.2356 594.9206 116.4028 88.3056 1107
64.0193 554.4900 120.4167 88.3056 1108
70.8856 514.0923 124.4306 88.3056 1109
77.8738 474.0373 128.4444 88.3056 1110
22.5970 1087.5784 68.2361 92.3194 1144
28.8228 1047.2633 72.2500 92.3194 1145
35.1063 1006.8980 76.2639 92.3194 1146
41.4168 966.4782 80.2778 92.3194 1147
47.7926 926.0338 84.2917 92.3194 1148
54.2506 885.6267 88.3056 92.3194 1149
60.7778 845.1942 92.3194 92.3194 1150
67.3484 804.7577 96.3333 92.3194 1151
73.9813 764.3463 100.3472 92.3194 1152
80.6438 723.9030 104.3611 92.3194 1153
87.3118 683.4852 108.3750 92.3194 1154
94.0056 643.0829 112.3889 92.3194 1155
100.7232 602.8384 116.4028 92.3194 1156
107.4985 562.5504 120.4167 92.3194 1157
114.2925 522.3137 124.4306 92.3194 1158
121.1523 482.1133 128.4444 92.3194 1159
40.9964 1254.1692 52.1806 96.3333 1189
47.4278 1213.8507 56.1944 96.3333 1190
53.6693 1173.7830 60.2083 96.3333 1191
59.8533 1133.7041 64.2222 96.3333 1192
66.0162 1093.5663 68.2361 96.3333 1193
72.2326 1053.4186 72.2500 96.3333 1194
78.5138 1013.2020 76.2639 96.3333 1195
84.8058 972.9543 80.2778 96.3333 1196
91.1525 932.6595 84.2917 96.3333 1197
97.5895 892.4191 88.3056 96.3333 1198
104.0961 852.1332 92.3194 96.3333 1199
110.6391 811.8724 96.3333 96.3333 1200
117.2577 771.6109 100.3472 96.3333 1201
123.8878 731.3365 104.3611 96.3333 1202
130.5158 691.0627 108.3750 96.3333 1203
137.1810 650.8277 112.3889 96.3333 1204
143.8656 610.7243 116.4028 96.3333 1205
150.6017 570.5854 120.4167 96.3333 1206
157.3665 530.4693 124.4306 96.3333 1207
164.2059 490.4527 128.4444 96.3333 1208
171.0414 450.5012 132.4583 96.3333 1209
178.0333 410.9369 136.4722 96.3333 1210
84.4410 1259.0631 52.1806 100.3472 1238
90.6484 1219.2577 56.1944 100.3472 1239
96.8127 1179.4197 60.2083 100.3472 1240
102.9365 1139.5088 64.2222 100.3472 1241
109.0832 1099.5140 68.2361 100.3472 1242
115.2909 1059.4994 72.2500 100.3472 1243
121.5571 1019.4617 76.2639 100.3472 1244
127.8319 979.3675 80.2778 100.3472 1245
134.1551 939.2339 84.2917 100.3472 1246
140.5752 899.1426 88.3056 100.3472 1247
147.0623 859.0169 92.3194 100.3472 1248
153.5855 818.9152 96.3333 100.3472 1249
160.1777 778.8244 100.3472 100.3472 1250
166.7828 738.7009 104.3611 100.3472 1251
173.3839 698.5959 108.3750 100.3472 1252
180.0045 658.5176 112.3889 100.3472 1253
186.6535 618.5659 116.4028 100.3472 1254
193.3662 578.5756 120.4167 100.3472 1255
200.0801 538.5937 124.4306 100.3472 1256
206.8857 498.7119 128.4444 100.3472 1257
213.7068 458.9307 132.4583 100.3472 1258
220.6033 419.2168 136.4722 100.3472 1259
227.8074 379.9908 140.4861 100.3472 1260
127.2789 1264.2964 52.1806 104.3611 1287
133.4495 1224.6847 56.1944 104.3611 1288
139.5414 1184.9956 60.2083 104.3611 1289
145.6553 1145.2267 64.2222 104.3611 1290
151.8139 1105.4060 68.2361 104.3611 1291
157.9981 1065.5302 72.2500 104.3611 1292
164.2541 1025.6553 76.2639 104.3611 1293
170.5040 985.7194 80.2778 104.3611 1294
176.8181 945.7502 84.2917 104.3611 1295
183.2201 905.8234 88.3056 104.3611 1296
189.6792 865.8519 92.3194 104.3611 1297
196.1756 825.8984 96.3333 104.3611 1298
202.7365 785.9784 100.3472 104.3611 1299
209.3155 746.0231 104.3611 104.3611 1300
215.8883 706.0655 108.3750 104.3611 1301
222.4870 666.1312 112.3889 104.3611 1302
229.0980 626.3547 116.4028 104.3611 1303
235.7836 586.5162 120.4167 104.3611 1304
242.4714 546.6852 124.4306 104.3611 1305
249.2231 506.9463 128.4444 104.3611 1306
256.0057 467.2876 132.4583 104.3611 1307
262.8744 427.7379 136.4722 104.3611 1308
269.8099 388.3574 140.4861 104.3611 1309
276.8460 349.5579 144.5000 104.3611 1310
163.5669 1308.9518 48.1667 108.3750 1335
169.7383 1269.4944 52.1806 108.3750 1336
175.8357 1230.0581 56.1944 108.3750 1337
181.9268 1190.5170 60.2083 108.3750 1338
188.0202 1150.9005 64.2222 108.3750 1339
194.1575 1111.2197 68.2361 108.3750 1340
200.3392 1071.5177 72.2500 108.3750 1341
206.5687 1031.7919 76.2639 108.3750 1342
212.8092 992.0229 80.2778 108.3750 1343
219.0952 952.2100 84.2917 108.3750 1344
225.4903 912.4408 88.3056 108.3750 1345
231.9435 872.6218 92.3194 108.3750 1346
238.4217 832.8395 96.3333 108.3750 1347
244.9480 793.0688 100.3472 108.3750 1348
251.5011 753.2697 104.3611 108.3750 1349
258.0473 713.4821 108.3750 108.3750 1350
264.6169 673.6985 112.3889 108.3750 1351
271.2018 634.0665 116.4028 108.3750 1352
277.8524 594.3919 120.4167 108.3750 1353
284.5000 554.7222 124.4306 108.3750 1354
291.2136 515.1252 128.4444 108.3750 1355
297.9651 475.6083 132.4583 108.3750 1356
304.7716 436.1780 136.4722 108.3750 1357
311.6631 396.8912 140.4861 108.3750 1358
318.7822 358.0951 144.5000 108.3750 1359
205.7231 1313.8976 48.1667 112.3889 1384
211.8132 1274.6653 52.1806 112.3889 1385
217.8855 1235.3735 56.1944 112.3889 1386
223.9761 1195.9847 60.2083 112.3889 1387
230.0635 1156.5198 64.2222 112.3889 1388
236.1935 1117.0031 68.2361 112.3889 1389
242.3549 1077.4558 72.2500 112.3889 1390
248.5603 1037.8722 76.2639 112.3889 1391
254.7931 998.2543 80.2778 112.3889 1392
261.0736 958.6146 84.2917 112.3889 1393
267.4488 919.0060 88.3056 112.3889 1394
273.8719 879.3564 92.3194 112.3889 1395
280.3286 839.7168 96.3333 112.3889 1396
286.8405 800.1093 100.3472 112.3889 1397
293.3685 760.4711 104.3611 112.3889 1398
299.8855 720.8469 108.3750 112.3889 1399
306.4250 681.2191 112.3889 112.3889 1400
312.9815 641.7352 116.4028 112.3889 1401
319.5900 602.2231 120.4167 112.3889 1402
326.2119 562.7061 124.4306 112.3889 1403
332.8964 523.2653 128.4444 112.3889 1404
339.5911 483.8932 132.4583 112.3889 1405
346.3637 444.5967 136.4722 112.3889 1406
353.2054 405.4579 140.4861 112.3889 1407
360.1755 366.5029 144.5000 112.3889 1408
241.4192 1357.9561 44.1528 116.4028 1432
247.5182 1318.8630 48.1667 116.4028 1433
253.5476 1279.7874 52.1806 116.4028 1434
259.6105 1240.6296 56.1944 116.4028 1435
265.6920 1201.3965 60.2083 116.4028 1436
271.7902 1162.0941 64.2222 116.4028 1437
277.8943 1122.7336 68.2361 116.4028 1438
284.0324 1083.3416 72.2500 116.4028 1439
290.2390 1043.9098 76.2639 116.4028 1440
296.4457 1004.4330 80.2778 116.4028 1441
302.7153 964.9520 84.2917 116.4028 1442
309.0656 925.5110 88.3056 116.4028 1443
315.4713 886.0208 92.3194 116.4028 1444
321.9062 846.5452 96.3333 116.4028 1445
328.3951 807.0897 100.3472 116.4028 1446
334.8965 767.6041 104.3611 116.4028 1447
341.3913 728.1522 108.3750 116.4028 1448
347.9043 688.7000 112.3889 116.4028 1449
354.4352 649.3703 116.4028 116.4028 1450
361.0071 609.9976 120.4167 116.4028 1451
367.5931 570.6349 124.4306 116.4028 1452
374.2472 531.3580 128.4444 116.4028 1453
380.9171 492.1325 132.4583 116.4028 1454
387.6331 452.9819 136.4722 116.4028 1455
394.4087 413.9469 140.4861 116.4028 1456
401.2642 375.0851 144.5000 116.4028 1457
408.2515 337.1252 148.5139 116.4028 1458
282.8729 1362.7317 44.1528 120.4167 1481
288.9462 1323.8014 48.1667 120.4167 1482
294.9755 1284.8573 52.1806 120.4167 1483
301.0303 1245.8555 56.1944 120.4167 1484
307.1003 1206.7651 60.2083 120.4167 1485
313.1819 1167.6190 64.2222 120.4167 1486
319.2882 1128.4198 68.2361 120.4167 1487
325.4178 1089.1760 72.2500 120.4167 1488
331.5934 1049.9102 76.2639 120.4167 1489
337.7964 1010.5762 80.2778 120.4167 1490
344.0328 971.2532 84.2917 120.4167 1491
350.3588 931.9678 88.3056 120.4167 1492
356.7380 892.6282 92.3194 120.4167 1493
363.1425 853.3235 96.3333 120.4167 1494
369.6137 814.0210 100.3472 120.4167 1495
376.0966 774.6949 104.3611 120.4167 1496
382.5674 735.4053 108.3750 120.4167 1497
389.0549 696.1004 112.3889 120.4167 1498
395.5567 656.9286 116.4028 120.4167 1499
402.1049 617.7111 120.4167 120.4167 1500
408.6575 578.5151 124.4306 120.4167 1501
415.2751 539.3832 128.4444 120.4167 1502
421.9079 500.3138 132.4583 120.4167 1503
428.5931 461.3210 136.4722 120.4167 1504
435.3203 422.4342 140.4861 120.4167 1505
442.1164 383.7110 144.5000 120.4167 1506
448.9813 345.6212 148.5139 120.4167 1507
324.0522 1367.3964 44.1528 124.4306 1530
330.0660 1328.6654 48.1667 124.4306 1531
336.0834 1289.8743 52.1806 124.4306 1532
342.1286 1251.0165 56.1944 124.4306 1533
348.2038 1212.0841 60.2083 124.4306 1534
354.2703 1173.0955 64.2222 124.4306 1535
360.3604 1134.0472 68.2361 124.4306 1536
366.4713 1094.9685 72.2500 124.4306 1537
372.6360 1055.8606 76.2639 124.4306 1538
378.8328 1016.6788 80.2778 124.4306 1539
385.0463 977.5237 84.2917 124.4306 1540
391.3467 938.3925 88.3056 124.4306 1541
397.6964 899.2083 92.3194 124.4306 1542
404.0736 860.0390 96.3333 124.4306 1543
410.5283 820.9012 100.3472 124.4306 1544
416.9843 781.7427 104.3611 124.4306 1545
423.4331 742.5926 108.3750 124.4306 1546
429.8965 703.4598 112.3889 124.4306 1547
436.3760 664.4415 116.4028 124.4306 1548
442.8926 625.3909 120.4167 124.4306 1549
449.4157 586.3444 124.4306 124.4306 1550
455.9964 547.3637 128.4444 124.4306 1551
462.5927 508.4479 132.4583 124.4306 1552
469.2434 469.6033 136.4722 124.4306 1553
475.9207 430.8696 140.4861 124.4306 1554
482.6301 392.2877 144.5000 124.4306 1555
489.3539 353.9755 148.5139 124.4306 1556
358.6592 1410.5248 40.1389 128.4444 1578
364.9165 1372.0020 44.1528 128.4444 1579
370.8603 1333.4834 48.1667 128.4444 1580
376.8715 1294.8424 52.1806 128.4444 1581
382.9083 1256.1321 56.1944 128.4444 1582
388.9660 1217.3566 60.2083 128.4444 1583
395.0244 1178.5203 64.2222 128.4444 1584
401.0954 1139.6222 68.2361 128.4444 1585
407.2009 1100.7035 72.2500 128.4444 1586
413.3582 1061.7405 76.2639 128.4444 1587
419.5121 1022.7277 80.2778 128.4444 1588
425.7177 983.7203 84.2917 128.4444 1589
431.9883 944.7488 88.3056 128.4444 1590
438.3335 905.7349 92.3194 128.4444 1591
444.6881 866.7213 96.3333 128.4444 1592
451.1100 827.7158 100.3472 128.4444 1593
457.5424 788.7300 104.3611 128.4444 1594
463.9654 749.7358 108.3750 128.4444 1595
470.4031 710.7550 112.3889 128.4444 1596
476.8469 671.9119 116.4028 128.4444 1597
483.3456 632.9971 120.4167 128.4444 1598
489.8380 594.1110 124.4306 128.4444 1599
496.3867 555.2880 128.4444 128.4444 1600
502.9439 516.5266 132.4583 128.4444 1601
509.5492 477.8444 136.4722 128.4444 1602
516.1816 439.2570 140.4861 128.4444 1603
522.8423 400.8220 144.5000 128.4444 1604
529.6698 362.6947 148.5139 128.4444 1605
398.9460 1415.0239 40.1389 132.4583 1627
405.2627 1376.5741 44.1528 132.4583 1628
411.2450 1338.2230 48.1667 132.4583 1629
417.2501 1299.7373 52.1806 132.4583 1630
423.2892 1261.1897 56.1944 132.4583 1631
429.3333 1222.5594 60.2083 132.4583 1632
435.3796 1183.8833 64.2222 132.4583 1633
441.4430 1145.1361 68.2361 132.4583 1634
447.5387 1106.3862 72.2500 132.4583 1635
453.6805 1067.5818 76.2639 132.4583 1636
459.8203 1028.7252 80.2778 132.4583 1637
465.9922 989.8706 84.2917 132.4583 1638
504.0892 756.8124 108.3750 132.4583 1639
510.5095 717.9878 112.3889 132.4583 1640
516.9325 679.2912 116.4028 132.4583 1641
523.3991 640.5416 120.4167 132.4583 1642
529.8605 601.8165 124.4306 132.4583 1643
536.3641 563.1475 128.4444 132.4583 1644
542.8887 524.5442 132.4583 132.4583 1645
549.4587 486.0120 136.4722 132.4583 1646
556.0451 447.5788 140.4861 132.4583 1647
562.6348 409.2874 144.5000 132.4583 1648
569.2660 371.2049 148.5139 132.4583 1649
439.1361 1419.4094 40.1389 136.4722 1671
445.4715 1381.1056 44.1528 136.4722 1672
451.4339 1342.9266 48.1667 136.4722 1673
457.4330 1304.5902 52.1806 136.4722 1674
463.4547 1266.2007 56.1944 136.4722 1675
469.4909 1227.7351 60.2083 136.4722 1676
475.5245 1189.2061 64.2222 136.4722 1677
481.5826 1150.6237 68.2361 136.4722 1678
487.6604 1112.0203 72.2500 136.4722 1679
493.7885 1073.3792 76.2639 136.4722 1680
499.9099 1034.6821 80.2778 136.4722 1681
506.0638 995.9850 84.2917 136.4722 1682
544.0320 763.8593 108.3750 136.4722 1683
550.4209 725.1954 112.3889 136.4722 1684
556.8101 686.6415 116.4028 136.4722 1685
563.2362 648.0568 120.4167 136.4722 1686
569.6605 609.4888 124.4306 136.4722 1687
576.1302 570.9731 128.4444 136.4722 1688
582.6203 532.5181 132.4583 136.4722 1689
589.1421 494.1501 136.4722 136.4722 1690
595.6912 455.8796 140.4861 136.4722 1691
602.2355 417.7455 144.5000 136.4722 1692
608.7482 379.8096 148.5139 136.4722 1693
485.3262 1385.5948 44.1528 140.4861 1716
491.3079 1347.5616 48.1667 140.4861 1717
497.2949 1309.3958 52.1806 140.4861 1718
503.3148 1271.1594 56.1944 140.4861 1719
509.3410 1232.8572 60.2083 140.4861 1720
515.3776 1194.4821 64.2222 140.4861 1721
521.4169 1156.0552 68.2361 140.4861 1722
527.4791 1117.6072 72.2500 140.4861 1723
533.5801 1079.1195 76.2639 140.4861 1724
539.6868 1040.5901 80.2778 140.4861 1725
545.8349 1002.0419 84.2917 140.4861 1726
583.6547 770.8422 108.3750 140.4861 1727
590.0160 732.3386 112.3889 140.4861 1728
596.3719 693.9600 116.4028 140.4861 1729
602.7645 655.5233 120.4167 140.4861 1730
609.1480 617.1009 124.4306 140.4861 1731
615.5863 578.7476 128.4444 140.4861 1732
622.0350 540.4606 132.4583 140.4861 1733
628.5176 502.2393 136.4722 140.4861 1734
635.0220 464.1243 140.4861 140.4861 1735
641.5247 426.1585 144.5000 140.4861 1736
647.9584 388.5064 148.5139 140.4861 1737
530.8638 1352.1301 48.1667 144.5000 1761
536.8566 1314.1378 52.1806 144.5000 1762
542.8705 1276.0636 56.1944 144.5000 1763
548.8894 1237.9199 60.2083 144.5000 1764
554.9073 1199.6975 64.2222 144.5000 1765
560.9397 1161.4390 68.2361 144.5000 1766
566.9899 1123.1456 72.2500 144.5000 1767
573.0773 1084.8215 76.2639 144.5000 1768
579.1628 1046.4545 80.2778 144.5000 1769
585.2878 1008.0543 84.2917 144.5000 1770
622.9748 777.7820 108.3750 144.5000 1771
629.2992 739.4472 112.3889 144.5000 1772
635.6228 701.2127 116.4028 144.5000 1773
641.9841 662.9426 120.4167 144.5000 1774
648.3390 624.6750 124.4306 144.5000 1775
654.7331 586.4789 128.4444 144.5000 1776
661.1356 548.3436 132.4583 144.5000 1777
667.5759 510.2843 136.4722 144.5000 1778
674.0263 472.3237 140.4861 144.5000 1779
680.4854 434.5244 144.5000 144.5000 1780
686.7639 397.0982 148.5139 144.5000 1781
576.0996 1318.8290 52.1806 148.5139 1806
582.1085 1280.9215 56.1944 148.5139 1807
588.1190 1242.9318 60.2083 148.5139 1808
594.1277 1204.8735 64.2222 148.5139 1809
600.1492 1166.7614 68.2361 148.5139 1810
606.1865 1128.6299 72.2500 148.5139 1811
612.2666 1090.4681 76.2639 148.5139 1812
618.3372 1052.2601 80.2778 148.5139 1813
624.4512 1014.0207 84.2917 148.5139 1814
661.9901 784.6749 108.3750 148.5139 1815
668.2778 746.4869 112.3889 148.5139 1816
674.5665 708.4201 116.4028 148.5139 1817
680.8947 670.3049 120.4167 148.5139 1818
687.2015 632.1948 124.4306 148.5139 1819
693.5604 594.1490 128.4444 148.5139 1820
699.9298 556.1711 132.4583 148.5139 1821
706.3190 518.2784 136.4722 148.5139 1822
712.7227 480.4761 140.4861 148.5139 1823
719.1091 442.8549 144.5000 148.5139 1824
615.0461 1323.4540 52.1806 152.5278 1850
621.0560 1285.7102 56.1944 152.5278 1851
627.0558 1247.8950 60.2083 152.5278 1852
633.0515 1209.9927 64.2222 152.5278 1853
639.0580 1172.0419 68.2361 152.5278 1854
645.0858 1134.0659 72.2500 152.5278 1855
651.1444 1096.0563 76.2639 152.5278 1856
657.1981 1058.0059 80.2778 152.5278 1857
663.3026 1019.9349 84.2917 152.5278 1858
669.4650 981.8845 88.3056 152.5278 1859
675.6716 943.7980 92.3194 152.5278 1860
681.9003 905.7233 96.3333 152.5278 1861
688.1691 867.6570 100.3472 152.5278 1862
694.4435 829.5828 104.3611 152.5278 1863
700.6918 791.5275 108.3750 152.5278 1864
706.9505 753.4907 112.3889 152.5278 1865
713.1933 715.5643 116.4028 152.5278 1866
719.4941 677.6008 120.4167 152.5278 1867
725.7734 639.6622 124.4306 152.5278 1868
732.0779 601.7983 128.4444 152.5278 1869
738.4054 563.9682 132.4583 152.5278 1870
744.7350 526.2240 136.4722 152.5278 1871
751.1000 488.5838 140.4861 152.5278 1872
757.4298 451.2305 144.5000 152.5278 1873
659.6799 1290.4530 56.1944 156.5417 1900
665.6797 1252.7944 60.2083 156.5417 1901
671.6727 1215.0603 64.2222 156.5417 1902
677.6686 1177.2770 68.2361 156.5417 1903
683.6771 1139.4589 72.2500 156.5417 1904
689.7274 1101.6008 76.2639 156.5417 1905
695.7650 1063.7031 80.2778 156.5417 1906
701.8499 1025.7878 84.2917 156.5417 1907
707.9952 987.8951 88.3056 156.5417 1908
714.1779 949.9697 92.3194 156.5417 1909
720.3834 912.0428 96.3333 156.5417 1910
726.6241 874.1465 100.3472 156.5417 1911
732.8683 836.2250 104.3611 156.5417 1912
739.0837 798.3245 108.3750 156.5417 1913
745.3124 760.4529 112.3889 156.5417 1914
751.5264 722.6720 116.4028 156.5417 1915
757.7877 684.8588 120.4167 156.5417 1916
764.0231 647.0734 124.4306 156.5417 1917
770.2939 609.3652 128.4444 156.5417 1918
776.5590 571.7023 132.4583 156.5417 1919
782.8559 534.1287 136.4722 156.5417 1920
789.1281 496.6834 140.4861 156.5417 1921
795.3827 459.7060 144.5000 156.5417 1922
692.0050 1332.4104 52.1806 160.5556 1948
697.9899 1295.1238 56.1944 160.5556 1949
703.9854 1257.6327 60.2083 160.5556 1950
709.9727 1220.0691 64.2222 160.5556 1951
715.9600 1182.4580 68.2361 160.5556 1952
721.9581 1144.7916 72.2500 160.5556 1953
727.9933 1107.0875 76.2639 160.5556 1954
734.0153 1069.3549 80.2778 160.5556 1955
740.0737 1031.5887 84.2917 160.5556 1956
746.2041 993.8629 88.3056 160.5556 1957
752.3718 956.0822 92.3194 160.5556 1958
758.5438 918.3238 96.3333 160.5556 1959
764.7608 880.5718 100.3472 160.5556 1960
770.9739 842.8163 104.3611 160.5556 1961
777.1572 805.0620 108.3750 160.5556 1962
783.3568 767.3550 112.3889 160.5556 1963
789.5366 729.7332 116.4028 160.5556 1964
795.7535 692.0643 120.4167 160.5556 1965
801.9518 654.4434 124.4306 160.5556 1966
808.1675 616.8947 128.4444 160.5556 1967
814.3812 579.4080 132.4583 160.5556 1968
730.0303 1336.8527 52.1806 164.5694 1997
736.0225 1299.6440 56.1944 164.5694 1998
741.9995 1262.4388 60.2083 164.5694 1999
747.9872 1225.0345 64.2222 164.5694 2000
753.9692 1187.5750 68.2361 164.5694 2001
759.9673 1150.0732 72.2500 164.5694 2002
765.9830 1112.5432 76.2639 164.5694 2003
771.9927 1074.9603 80.2778 164.5694 2004
778.0315 1037.3630 84.2917 164.5694 2005
784.1330 999.7796 88.3056 164.5694 2006
790.2785 962.1589 92.3194 164.5694 2007
796.4303 924.5543 96.3333 164.5694 2008
802.6165 886.9613 100.3472 164.5694 2009
808.8097 849.3588 104.3611 164.5694 2010
814.9722 811.7647 108.3750 164.5694 2011
821.1244 774.2007 112.3889 164.5694 2012
827.2743 736.7456 116.4028 164.5694 2013
833.4528 699.2436 120.4167 164.5694 2014
839.5919 661.7717 124.4306 164.5694 2015
845.7674 624.3841 128.4444 164.5694 2016
767.5219 1341.3262 52.1806 168.5833 2046
773.7115 1304.2166 56.1944 168.5833 2047
779.7318 1267.0825 60.2083 168.5833 2048
785.6990 1229.9443 64.2222 168.5833 2049
791.6752 1192.6448 68.2361 168.5833 2050
797.6610 1155.3135 72.2500 168.5833 2051
803.6727 1117.9413 76.2639 168.5833 2052
809.6682 1080.5179 80.2778 168.5833 2053
815.7017 1043.0726 84.2917 168.5833 2054
821.7850 1005.6478 88.3056 168.5833 2055
827.9081 968.1865 92.3194 168.5833 2056
834.0247 930.7377 96.3333 168.5833 2057
840.1924 893.3013 100.3472 168.5833 2058
846.3479 855.8481 104.3611 168.5833 2059
852.4819 818.4173 108.3750 168.5833 2060
858.5989 781.0039 112.3889 168.5833 2061
864.7056 743.7076 116.4028 168.5833 2062
870.8398 706.3766 120.4167 168.5833 2063
876.9385 669.0637 124.4306 168.5833 2064
810.8983 1308.8000 56.1944 172.5972 2096
817.1439 1271.7197 60.2083 172.5972 2097
823.1138 1234.6726 64.2222 172.5972 2098
829.0801 1197.6490 68.2361 172.5972 2099
835.0495 1160.4874 72.2500 172.5972 2100
841.0552 1123.2776 76.2639 172.5972 2101
847.0427 1086.0183 80.2778 172.5972 2102
853.0526 1048.7336 84.2917 172.5972 2103
859.1166 1011.4776 88.3056 172.5972 2104
865.2241 974.1658 92.3194 172.5972 2105
871.3318 936.8775 96.3333 172.5972 2106
877.4687 899.5858 100.3472 172.5972 2107
883.5828 862.2969 104.3611 172.5972 2108
889.6810 825.0153 108.3750 172.5972 2109
895.7657 787.7624 112.3889 172.5972 2110
901.8300 750.6324 116.4028 172.5972 2111
907.9092 713.4631 120.4167 172.5972 2112
854.0790 1276.3500 60.2083 176.6111 2146
860.1213 1239.4498 64.2222 176.6111 2147
866.1389 1202.5176 68.2361 176.6111 2148
872.1306 1165.5444 72.2500 176.6111 2149
878.1196 1128.5464 76.2639 176.6111 2150
884.0887 1091.4670 80.2778 176.6111 2151
890.0891 1054.3424 84.2917 176.6111 2152
896.1394 1017.2382 88.3056 176.6111 2153
902.2224 980.0947 92.3194 176.6111 2154
908.3026 942.9634 96.3333 176.6111 2155
914.4169 905.8281 100.3472 176.6111 2156
920.5018 868.6871 104.3611 176.6111 2157
926.5551 831.5701 108.3750 176.6111 2158
932.5934 794.4857 112.3889 176.6111 2159
896.7606 1244.2556 64.2222 180.6250 2196
902.8080 1207.2621 68.2361 180.6250 2197
914.8516 1133.6681 76.2639 180.6250 2199
920.7999 1096.7864 80.2778 180.6250 2200
938.9001 985.9736 92.3194 180.6250 2203
944.9521 948.9879 96.3333 180.6250 2204
951.0251 912.0123 100.3472 180.6250 2205
