696.4274 1067.3710 76.2639 88.3056 1097
702.6009 1030.1207 80.2778 88.3056 1098
734.0981 843.6805 100.3472 88.3056 1103
740.5082 806.3513 104.3611 88.3056 1104
746.9005 769.0240 108.3750 88.3056 1105
753.2992 731.6818 112.3889 88.3056 1106
759.7076 694.4935 116.4028 88.3056 1107
766.2028 657.2743 120.4167 88.3056 1108
772.6925 620.1049 124.4306 88.3056 1109
779.0685 582.6480 128.4444 88.3056 1110
727.3896 1111.0002 72.2500 92.3194 1145
733.5473 1073.8096 76.2639 92.3194 1146
739.6865 1036.5582 80.2778 92.3194 1147
745.8979 999.2690 84.2917 92.3194 1148
752.1486 961.9998 88.3056 92.3194 1149
758.4706 924.6777 92.3194 92.3194 1150
764.8188 887.3698 96.3333 92.3194 1151
771.2000 850.0388 100.3472 92.3194 1152
777.6008 812.6807 104.3611 92.3194 1153
784.0035 775.3456 108.3750 92.3194 1154
790.4367 738.0164 112.3889 92.3194 1155
803.3323 663.5164 120.4167 92.3194 1157
809.7803 626.2023 124.4306 92.3194 1158
816.3477 589.0134 128.4444 92.3194 1159
764.4534 1117.4552 72.2500 96.3333 1194
770.6153 1080.2407 76.2639 96.3333 1195
776.7932 1042.9840 80.2778 96.3333 1196
783.0037 1005.6823 84.2917 96.3333 1197
789.2890 968.4088 88.3056 96.3333 1198
795.6165 931.0728 92.3194 96.3333 1199
801.9692 893.7469 96.3333 96.3333 1200
808.3745 856.4133 100.3472 96.3333 1201
814.7905 819.0303 104.3611 96.3333 1202
821.1766 781.6691 108.3750 96.3333 1203
827.5966 744.3338 112.3889 96.3333 1204
834.0215 707.0875 116.4028 96.3333 1205
840.4931 669.7907 120.4167 96.3333 1206
846.9697 632.5002 124.4306 96.3333 1207
853.4868 595.2554 128.4444 96.3333 1208
859.9933 558.0866 132.4583 96.3333 1209
789.2950 1198.1652 64.2222 100.3472 1241
795.4205 1161.0430 68.2361 100.3472 1242
801.5566 1123.8905 72.2500 100.3472 1243
807.7679 1086.6654 76.2639 100.3472 1244
813.9490 1049.4093 80.2778 100.3472 1245
820.1788 1012.0964 84.2917 100.3472 1246
826.4847 974.8164 88.3056 100.3472 1247
832.8353 937.4827 92.3194 100.3472 1248
839.1898 900.1371 96.3333 100.3472 1249
845.5986 862.7925 100.3472 100.3472 1250
852.0165 825.4114 104.3611 100.3472 1251
858.4356 788.0247 108.3750 100.3472 1252
864.8412 750.6667 112.3889 100.3472 1253
871.2567 713.4200 116.4028 100.3472 1254
877.7190 676.1046 120.4167 100.3472 1255
884.1694 638.7906 124.4306 100.3472 1256
890.6873 601.5385 128.4444 100.3472 1257
897.2267 564.3550 132.4583 100.3472 1258
903.7932 527.1706 136.4722 100.3472 1259
820.2675 1241.6671 60.2083 104.3611 1289
826.3973 1204.6071 64.2222 104.3611 1290
832.5433 1167.4845 68.2361 104.3611 1291
838.7198 1130.3190 72.2500 104.3611 1292
844.9443 1093.0978 76.2639 104.3611 1293
851.1461 1055.8265 80.2778 104.3611 1294
857.4119 1018.5188 84.2917 104.3611 1295
863.7371 981.2200 88.3056 104.3611 1296
870.0861 943.8904 92.3194 104.3611 1297
876.4673 906.5358 96.3333 104.3611 1298
882.8886 869.1870 100.3472 104.3611 1299
889.3114 831.7941 104.3611 104.3611 1300
895.7115 794.4116 108.3750 104.3611 1301
902.1186 757.0457 112.3889 104.3611 1302
908.5308 719.7690 116.4028 104.3611 1303
914.9853 682.4514 120.4167 104.3611 1304
921.4426 645.1132 124.4306 104.3611 1305
927.9398 607.8499 128.4444 104.3611 1306
934.4555 570.6261 132.4583 104.3611 1307
941.0345 533.4865 136.4722 104.3611 1308
838.8248 1358.8896 48.1667 108.3750 1335
845.0412 1321.9802 52.1806 108.3750 1336
851.1895 1285.0955 56.1944 108.3750 1337
857.3527 1248.1144 60.2083 108.3750 1338
863.5145 1211.0446 64.2222 108.3750 1339
869.7026 1173.9108 68.2361 108.3750 1340
875.9044 1136.7418 72.2500 108.3750 1341
882.1428 1099.5201 76.2639 108.3750 1342
888.3876 1062.2356 80.2778 108.3750 1343
894.6442 1024.9287 84.2917 108.3750 1344
900.9861 987.6284 88.3056 108.3750 1345
907.3618 950.2913 92.3194 108.3750 1346
913.7511 912.9459 96.3333 108.3750 1347
920.1666 875.5824 100.3472 108.3750 1348
926.5951 838.1928 104.3611 108.3750 1349
933.0062 800.8062 108.3750 108.3750 1350
939.4241 763.4288 112.3889 108.3750 1351
945.8372 726.1495 116.4028 108.3750 1352
952.2776 688.8112 120.4167 108.3750 1353
958.7200 651.4800 124.4306 108.3750 1354
965.2001 614.1836 128.4444 108.3750 1355
971.7043 576.9559 132.4583 108.3750 1356
978.2501 539.7767 136.4722 108.3750 1357
875.9357 1365.2797 48.1667 112.3889 1384
882.1042 1328.4463 52.1806 112.3889 1385
888.2919 1291.5457 56.1944 112.3889 1386
894.4870 1254.5516 60.2083 112.3889 1387
900.6734 1217.4757 64.2222 112.3889 1388
906.8972 1180.3375 68.2361 112.3889 1389
913.1091 1143.1582 72.2500 112.3889 1390
919.3880 1105.9445 76.2639 112.3889 1391
925.6322 1068.6522 80.2778 112.3889 1392
931.9374 1031.3468 84.2917 112.3889 1393
938.2777 994.0516 88.3056 112.3889 1394
944.6599 956.7068 92.3194 112.3889 1395
951.0628 919.3548 96.3333 112.3889 1396
957.4954 881.9931 100.3472 112.3889 1397
963.9362 844.5977 104.3611 112.3889 1398
970.3571 807.2020 108.3750 112.3889 1399
976.7664 769.8447 112.3889 112.3889 1400
983.1583 732.5484 116.4028 112.3889 1401
989.5978 695.2021 120.4167 112.3889 1402
996.0333 657.8613 124.4306 112.3889 1403
1002.5134 620.5516 128.4444 112.3889 1404
1009.0086 583.3171 132.4583 112.3889 1405
1015.5296 546.1170 136.4722 112.3889 1406
1022.0815 509.0051 140.4861 112.3889 1407
1028.6763 472.0274 144.5000 112.3889 1408
1035.3500 435.1516 148.5139 112.3889 1409
913.0107 1371.7222 48.1667 116.4028 1433
919.1924 1334.8895 52.1806 116.4028 1434
925.4183 1297.9742 56.1944 116.4028 1435
931.6369 1260.9681 60.2083 116.4028 1436
937.8813 1223.8972 64.2222 116.4028 1437
944.1008 1186.7554 68.2361 116.4028 1438
950.3699 1149.5740 72.2500 116.4028 1439
956.6435 1112.3547 76.2639 116.4028 1440
962.9273 1075.0708 80.2778 116.4028 1441
969.2253 1037.7589 84.2917 116.4028 1442
975.5882 1000.4698 88.3056 116.4028 1443
981.9960 963.1143 92.3194 116.4028 1444
988.4114 925.7669 96.3333 116.4028 1445
994.8538 888.4157 100.3472 116.4028 1446
1001.2885 851.0178 104.3611 116.4028 1447
1007.6987 813.6237 108.3750 116.4028 1448
1014.1103 776.2477 112.3889 116.4028 1449
1020.5238 738.9677 116.4028 116.4028 1450
1026.9640 701.6221 120.4167 116.4028 1451
1033.3911 664.2665 124.4306 116.4028 1452
1039.8612 626.9603 128.4444 116.4028 1453
1046.3312 589.6974 132.4583 116.4028 1454
1052.8462 552.5001 136.4722 116.4028 1455
1059.3773 515.3741 140.4861 116.4028 1456
1065.9189 478.3446 144.5000 116.4028 1457
1072.5446 441.3826 148.5139 116.4028 1458
950.0989 1378.1643 48.1667 120.4167 1482
956.3290 1341.3070 52.1806 120.4167 1483
962.5765 1304.3934 56.1944 120.4167 1484
968.8464 1267.3888 60.2083 120.4167 1485
975.0901 1230.3022 64.2222 120.4167 1486
981.3651 1193.1587 68.2361 120.4167 1487
987.6315 1155.9868 72.2500 120.4167 1488
993.9434 1118.7654 76.2639 120.4167 1489
1000.2321 1081.4911 80.2778 120.4167 1490
1006.5501 1044.1726 84.2917 120.4167 1491
1012.9366 1006.8840 88.3056 120.4167 1492
1019.3588 969.5323 92.3194 120.4167 1493
1025.7872 932.1813 96.3333 120.4167 1494
1032.2267 894.8470 100.3472 120.4167 1495
1038.6597 857.4572 104.3611 120.4167 1496
1045.0784 820.0625 108.3750 120.4167 1497
1051.4930 782.6693 112.3889 120.4167 1498
1057.9094 745.4061 116.4028 120.4167 1499
1064.3389 708.0555 120.4167 120.4167 1500
1070.7611 670.6999 124.4306 120.4167 1501
1077.2151 633.3904 128.4444 120.4167 1502
1083.6720 596.1215 132.4583 120.4167 1503
1090.1688 558.9199 136.4722 120.4167 1504
1096.6863 521.7793 140.4861 120.4167 1505
1103.2015 484.7280 144.5000 120.4167 1506
987.2209 1384.5701 48.1667 124.4306 1531
993.4872 1347.7086 52.1806 124.4306 1532
999.7760 1310.7921 56.1944 124.4306 1533
1006.0538 1273.7848 60.2083 124.4306 1534
1012.3446 1236.6918 64.2222 124.4306 1535
1018.6185 1199.5574 68.2361 124.4306 1536
1024.9309 1162.4034 72.2500 124.4306 1537
1031.2427 1125.1798 76.2639 124.4306 1538
1037.5488 1087.9086 80.2778 124.4306 1539
1043.8978 1050.5834 84.2917 124.4306 1540
1050.2928 1013.2977 88.3056 124.4306 1541
1056.7235 975.9548 92.3194 124.4306 1542
1063.1393 938.6014 96.3333 124.4306 1543
1069.6047 901.2665 100.3472 124.4306 1544
1076.0548 863.8962 104.3611 124.4306 1545
1082.4795 826.5078 108.3750 124.4306 1546
1088.8899 789.1221 112.3889 124.4306 1547
1095.2855 751.8468 116.4028 124.4306 1548
1101.7109 714.5001 120.4167 124.4306 1549
1108.1324 677.1580 124.4306 124.4306 1550
1114.5797 639.8424 128.4444 124.4306 1551
1121.0294 602.5733 132.4583 124.4306 1552
1127.5100 565.3663 136.4722 124.4306 1553
1134.0082 528.2122 140.4861 124.4306 1554
1140.5157 491.1468 144.5000 124.4306 1555
1147.0311 454.1541 148.5139 124.4306 1556
1153.5648 417.2579 152.5278 124.4306 1557
1159.9546 380.8726 156.5417 124.4306 1558
1018.0977 1427.7787 44.1528 128.4444 1579
1024.3506 1390.9688 48.1667 128.4444 1580
1030.6265 1354.0773 52.1806 128.4444 1581
1036.9506 1317.1688 56.1944 128.4444 1582
1043.2567 1280.1638 60.2083 128.4444 1583
1049.5605 1243.0841 64.2222 128.4444 1584
1055.8755 1205.9515 68.2361 128.4444 1585
1062.1844 1168.7889 72.2500 128.4444 1586
1068.5222 1131.5753 76.2639 128.4444 1587
1074.8636 1094.3026 80.2778 128.4444 1588
1081.2063 1056.9935 84.2917 128.4444 1589
1087.6251 1019.7034 88.3056 128.4444 1590
1094.0569 982.3731 92.3194 128.4444 1591
1100.5066 945.0335 96.3333 128.4444 1592
1106.9736 907.6942 100.3472 128.4444 1593
1113.4287 870.3397 104.3611 128.4444 1594
1119.8502 832.9648 108.3750 128.4444 1595
1126.2480 795.5825 112.3889 128.4444 1596
1132.6301 758.3144 116.4028 128.4444 1597
1139.0594 720.9568 120.4167 128.4444 1598
1145.4823 683.6013 124.4306 128.4444 1599
1151.9324 646.3070 128.4444 128.4444 1600
1158.3760 609.0421 132.4583 128.4444 1601
1164.8369 571.8392 136.4722 128.4444 1602
1171.3195 534.6804 140.4861 128.4444 1603
1177.8049 497.6094 144.5000 128.4444 1604
1184.3014 460.5946 148.5139 128.4444 1605
1197.2191 387.0562 156.5417 128.4444 1607
1055.1180 1434.1306 44.1528 132.4583 1628
1061.4060 1397.3245 48.1667 132.4583 1629
1067.7118 1360.4380 52.1806 132.4583 1630
1074.0438 1323.5247 56.1944 132.4583 1631
1080.3926 1286.5232 60.2083 132.4583 1632
1086.7123 1249.4573 64.2222 132.4583 1633
1093.0344 1212.3179 68.2361 132.4583 1634
1099.3826 1175.1577 72.2500 132.4583 1635
1105.7438 1137.9583 76.2639 132.4583 1636
1112.0798 1100.6809 80.2778 132.4583 1637
1118.4617 1063.3854 84.2917 132.4583 1638
1157.1074 839.4100 108.3750 132.4583 1639
1163.5266 802.0385 112.3889 132.4583 1640
1169.9272 764.7664 116.4028 132.4583 1641
1176.3451 727.4186 120.4167 132.4583 1642
1182.7510 690.0616 124.4306 132.4583 1643
1189.1835 652.7673 128.4444 132.4583 1644
1195.6123 615.5229 132.4583 132.4583 1645
1202.0613 578.3163 136.4722 132.4583 1646
1208.5383 541.1555 140.4861 132.4583 1647
1215.0026 504.0855 144.5000 132.4583 1648
1221.4790 467.0663 148.5139 132.4583 1649
1234.3649 393.3619 156.5417 132.4583 1651
1092.2445 1440.4751 44.1528 136.4722 1672
1098.5465 1403.6633 48.1667 136.4722 1673
1104.8984 1366.8000 52.1806 136.4722 1674
1111.2504 1329.8848 56.1944 136.4722 1675
1117.6079 1292.8918 60.2083 136.4722 1676
1123.9614 1255.8230 64.2222 136.4722 1677
1130.3079 1218.6960 68.2361 136.4722 1678
1136.6500 1181.5404 72.2500 136.4722 1679
1143.0325 1144.3433 76.2639 136.4722 1680
1149.4053 1107.0762 80.2778 136.4722 1681
1155.7833 1069.7802 84.2917 136.4722 1682
1194.4740 845.8580 108.3750 136.4722 1683
1200.8933 808.5122 112.3889 136.4722 1684
1207.2848 771.2480 116.4028 136.4722 1685
1213.6963 733.9089 120.4167 136.4722 1686
1220.0895 696.5511 124.4306 136.4722 1687
1226.5258 659.2593 128.4444 136.4722 1688
1232.9503 622.0290 132.4583 136.4722 1689
1239.3973 584.8239 136.4722 136.4722 1690
1245.8505 547.6671 140.4861 136.4722 1691
1252.2992 510.5977 144.5000 136.4722 1692
1258.7493 473.5773 148.5139 136.4722 1693
1265.1589 436.6365 152.5278 136.4722 1694
1271.5541 399.8168 156.5417 136.4722 1695
1129.3571 1446.7788 44.1528 140.4861 1716
1135.6851 1409.9893 48.1667 140.4861 1717
1142.0494 1373.1244 52.1806 140.4861 1718
1148.4429 1336.2163 56.1944 140.4861 1719
1154.8187 1299.2313 60.2083 140.4861 1720
1161.1766 1262.1696 64.2222 140.4861 1721
1167.5410 1225.0614 68.2361 140.4861 1722
1173.9209 1187.9139 72.2500 140.4861 1723
1180.3141 1150.7119 76.2639 140.4861 1724
1186.6852 1113.4640 80.2778 140.4861 1725
1193.0695 1076.1783 84.2917 140.4861 1726
1231.8063 852.3091 108.3750 140.4861 1727
1238.2198 814.9769 112.3889 140.4861 1728
1244.6053 777.7266 116.4028 140.4861 1729
1251.0271 740.4012 120.4167 140.4861 1730
1257.4252 703.0514 124.4306 140.4861 1731
1263.8479 665.7670 128.4444 140.4861 1732
1270.2560 628.5381 132.4583 140.4861 1733
1276.6881 591.3470 136.4722 140.4861 1734
1283.1287 554.2086 140.4861 140.4861 1735
1289.5631 517.1378 144.5000 140.4861 1736
1295.9923 480.1205 148.5139 140.4861 1737
1302.3878 443.1751 152.5278 140.4861 1738
1147.5403 1563.2548 32.1111 144.5000 1757
1153.7837 1526.4568 36.1250 144.5000 1758
1166.4529 1453.0627 44.1528 144.5000 1760
1172.8082 1416.2775 48.1667 144.5000 1761
1179.1967 1379.4408 52.1806 144.5000 1762
1185.6027 1342.5377 56.1944 144.5000 1763
1191.9990 1305.5585 60.2083 144.5000 1764
1198.3927 1268.5160 64.2222 144.5000 1765
1204.7678 1231.4148 68.2361 144.5000 1766
1211.1520 1194.2709 72.2500 144.5000 1767
1217.5615 1157.0734 76.2639 144.5000 1768
1223.9573 1119.8406 80.2778 144.5000 1769
1230.3600 1082.5709 84.2917 144.5000 1770
1269.1012 858.7678 108.3750 144.5000 1771
1275.5184 821.4462 112.3889 144.5000 1772
1281.9143 784.2083 116.4028 144.5000 1773
1288.3369 746.8986 120.4167 144.5000 1774
1294.7284 709.5599 124.4306 144.5000 1775
1301.1331 672.2894 128.4444 144.5000 1776
1307.5385 635.0674 132.4583 144.5000 1777
1313.9624 597.8854 136.4722 144.5000 1778
1320.3998 560.7460 140.4861 144.5000 1779
1326.8134 523.6930 144.5000 144.5000 1780
1333.2217 486.6892 148.5139 144.5000 1781
1339.5760 449.7482 152.5278 144.5000 1782
1184.5542 1569.5221 32.1111 148.5139 1801
1190.8220 1532.6786 36.1250 148.5139 1802
1203.5341 1459.3231 44.1528 148.5139 1804
1209.9282 1422.5573 48.1667 148.5139 1805
1216.3350 1385.7174 52.1806 148.5139 1806
1222.7648 1348.8467 56.1944 148.5139 1807
1229.1725 1311.8810 60.2083 148.5139 1808
1235.5844 1274.8442 64.2222 148.5139 1809
1241.9854 1237.7490 68.2361 148.5139 1810
1248.3904 1200.6201 72.2500 148.5139 1811
1254.8071 1163.4484 76.2639 148.5139 1812
1261.1884 1126.2094 80.2778 148.5139 1813
1267.5944 1088.9662 84.2917 148.5139 1814
1306.3970 865.2277 108.3750 148.5139 1815
1312.8101 827.9218 112.3889 148.5139 1816
1319.2085 790.6876 116.4028 148.5139 1817
1325.6238 753.3943 120.4167 148.5139 1818
1332.0077 716.0728 124.4306 148.5139 1819
1338.4139 678.8168 128.4444 148.5139 1820
1344.8007 641.6088 132.4583 148.5139 1821
1351.2035 604.4382 136.4722 148.5139 1822
1357.6161 567.3043 140.4861 148.5139 1823
1364.0131 530.2720 144.5000 148.5139 1824
1370.4127 493.2794 148.5139 148.5139 1825
1376.7540 456.3506 152.5278 148.5139 1826
1221.5070 1575.5667 32.1111 152.5278 1845
1227.8243 1538.8839 36.1250 152.5278 1846
1240.5885 1465.5442 44.1528 152.5278 1848
1246.9972 1428.7922 48.1667 152.5278 1849
1253.4399 1391.9846 52.1806 152.5278 1850
1259.8894 1355.1150 56.1944 152.5278 1851
1266.3413 1318.1726 60.2083 152.5278 1852
1272.7605 1281.1514 64.2222 152.5278 1853
1279.1747 1244.0775 68.2361 152.5278 1854
1285.5900 1206.9655 72.2500 152.5278 1855
1292.0227 1169.8025 76.2639 152.5278 1856
1298.4279 1132.5874 80.2778 152.5278 1857
1304.8396 1095.3605 84.2917 152.5278 1858
1311.2876 1058.1365 88.3056 152.5278 1859
1317.7731 1020.8584 92.3194 152.5278 1860
1324.2461 983.5837 96.3333 152.5278 1861
1330.7438 946.3062 100.3472 152.5278 1862
1337.2196 909.0023 104.3611 152.5278 1863
1343.6566 871.6853 108.3750 152.5278 1864
1350.0662 834.3972 112.3889 152.5278 1865
1356.4774 797.1658 116.4028 152.5278 1866
1362.8929 759.8923 120.4167 152.5278 1867
1369.2552 722.5981 124.4306 152.5278 1868
1375.6333 685.3755 128.4444 152.5278 1869
1382.0104 648.1602 132.4583 152.5278 1870
1388.4174 610.9948 136.4722 152.5278 1871
1394.8125 573.8862 140.4861 152.5278 1872
1401.1826 536.8631 144.5000 152.5278 1873
1407.5562 499.8857 148.5139 152.5278 1874
1413.8864 462.9689 152.5278 152.5278 1875
1258.4884 1582.0018 32.1111 156.5417 1894
1264.7479 1545.0188 36.1250 156.5417 1895
1277.6177 1471.7358 44.1528 156.5417 1897
1284.0448 1435.0114 48.1667 156.5417 1898
1290.5192 1398.2213 52.1806 156.5417 1899
1296.9918 1361.3838 56.1944 156.5417 1900
1303.4598 1324.4535 60.2083 156.5417 1901
1309.9131 1287.4562 64.2222 156.5417 1902
1316.3448 1250.4033 68.2361 156.5417 1903
1322.7634 1213.2905 72.2500 156.5417 1904
1329.2126 1176.1429 76.2639 156.5417 1905
1335.6194 1138.9583 80.2778 156.5417 1906
1342.0371 1101.7430 84.2917 156.5417 1907
1348.5049 1064.5394 88.3056 156.5417 1908
1354.9919 1027.2756 92.3194 156.5417 1909
1361.4706 990.0075 96.3333 156.5417 1910
1367.9713 952.7352 100.3472 156.5417 1911
1374.4530 915.4436 104.3611 156.5417 1912
1380.8915 878.1405 108.3750 156.5417 1913
1387.3057 840.8647 112.3889 156.5417 1914
1393.6835 803.6542 116.4028 156.5417 1915
1400.0785 766.3990 120.4167 156.5417 1916
1406.4513 729.1185 124.4306 156.5417 1917
1412.8270 691.9026 128.4444 156.5417 1918
1419.1987 654.7059 132.4583 156.5417 1919
1425.5708 617.5643 136.4722 156.5417 1920
1431.9587 580.4726 140.4861 156.5417 1921
1438.3254 543.4665 144.5000 156.5417 1922
1444.6661 506.5015 148.5139 156.5417 1923
1450.9647 469.6021 152.5278 156.5417 1924
1301.6649 1551.1422 36.1250 160.5556 1944
1314.5892 1477.9005 44.1528 160.5556 1946
1321.0470 1441.1890 48.1667 160.5556 1947
1327.5460 1404.4374 52.1806 160.5556 1948
1334.0439 1367.6096 56.1944 160.5556 1949
1340.5321 1330.7013 60.2083 160.5556 1950
1347.0009 1293.7256 64.2222 160.5556 1951
1353.4572 1256.6909 68.2361 160.5556 1952
1359.8998 1219.6086 72.2500 160.5556 1953
1366.3623 1182.4822 76.2639 160.5556 1954
1372.7753 1145.3119 80.2778 160.5556 1955
1379.2063 1108.1201 84.2917 160.5556 1956
1385.6796 1070.9348 88.3056 160.5556 1957
1392.1807 1033.6747 92.3194 160.5556 1958
1398.6549 996.4384 96.3333 160.5556 1959
1405.1537 959.1641 100.3472 160.5556 1960
1411.6263 921.8810 104.3611 160.5556 1961
1418.0594 884.5972 108.3750 160.5556 1962
1424.4722 847.3393 112.3889 160.5556 1963
1430.8558 810.1462 116.4028 160.5556 1964
1437.2435 772.8980 120.4167 160.5556 1965
1443.5901 735.6396 124.4306 160.5556 1966
1449.9645 698.4406 128.4444 160.5556 1967
1456.3229 661.2731 132.4583 160.5556 1968
1462.6897 624.1376 136.4722 160.5556 1969
1469.0498 587.0620 140.4861 160.5556 1970
1475.3990 550.0771 144.5000 160.5556 1971
1481.7174 513.1295 148.5139 160.5556 1972
1338.5289 1557.2267 36.1250 164.5694 1993
1345.0798 1520.6163 40.1389 164.5694 1994
1351.5558 1484.0159 44.1528 164.5694 1995
1358.0387 1447.3588 48.1667 164.5694 1996
1364.5607 1410.6144 52.1806 164.5694 1997
1371.0857 1373.8295 56.1944 164.5694 1998
1377.5967 1336.9482 60.2083 164.5694 1999
1384.0768 1299.9922 64.2222 164.5694 2000
1390.5538 1262.9850 68.2361 164.5694 2001
1397.0128 1225.9285 72.2500 164.5694 2002
1403.4855 1188.8138 76.2639 164.5694 2003
1409.9121 1151.6559 80.2778 164.5694 2004
1416.3585 1114.4883 84.2917 164.5694 2005
1422.8501 1077.3081 88.3056 164.5694 2006
1429.3551 1040.0787 92.3194 164.5694 2007
1435.8450 1002.8561 96.3333 164.5694 2008
1442.3400 965.6154 100.3472 164.5694 2009
1448.8173 928.3284 104.3611 164.5694 2010
1455.2413 891.0679 108.3750 164.5694 2011
1461.6381 853.8293 112.3889 164.5694 2012
1468.0082 816.6479 116.4028 164.5694 2013
1474.4037 779.4198 120.4167 164.5694 2014
1480.7394 742.1806 124.4306 164.5694 2015
1487.0922 704.9932 128.4444 164.5694 2016
1493.4429 667.8384 132.4583 164.5694 2017
1499.7925 630.7270 136.4722 164.5694 2018
1506.1262 593.6709 140.4861 164.5694 2019
1512.4449 556.6985 144.5000 164.5694 2020
1518.7513 519.7808 148.5139 164.5694 2021
1375.5232 1563.4506 36.1250 168.5833 2042
1381.9980 1526.7219 40.1389 168.5833 2043
1388.4830 1490.0720 44.1528 168.5833 2044
1394.9980 1453.4855 48.1667 168.5833 2045
1401.5396 1416.7789 52.1806 168.5833 2046
1408.0784 1380.0107 56.1944 168.5833 2047
1414.6204 1343.1566 60.2083 168.5833 2048
1421.1180 1306.2271 64.2222 168.5833 2049
1427.6125 1269.2520 68.2361 168.5833 2050
1434.0908 1232.2169 72.2500 168.5833 2051
1440.5750 1195.1301 76.2639 168.5833 2052
1447.0167 1158.0033 80.2778 168.5833 2053
1453.4745 1120.8430 84.2917 168.5833 2054
1459.9685 1083.6763 88.3056 168.5833 2055
1466.4731 1046.4752 92.3194 168.5833 2056
1472.9675 1009.2675 96.3333 168.5833 2057
1479.4814 972.0469 100.3472 168.5833 2058
1485.9479 934.7803 104.3611 168.5833 2059
1492.3809 897.5349 108.3750 168.5833 2060
1498.7784 860.3110 112.3889 168.5833 2061
1505.1278 823.1609 116.4028 168.5833 2062
1511.5146 785.9379 120.4167 168.5833 2063
1517.8550 748.7220 124.4306 168.5833 2064
1524.1865 711.5483 128.4444 168.5833 2065
1530.5104 674.4228 132.4583 168.5833 2066
1536.8494 637.3378 136.4722 168.5833 2067
1543.1567 600.2960 140.4861 168.5833 2068
1549.4512 563.3492 144.5000 168.5833 2069
1425.3767 1496.1426 44.1528 172.5972 2093
1431.9042 1459.5795 48.1667 172.5972 2094
1438.4747 1422.9176 52.1806 172.5972 2095
1445.0391 1386.1772 56.1944 172.5972 2096
1451.5914 1349.3574 60.2083 172.5972 2097
1458.1194 1312.4562 64.2222 172.5972 2098
1464.6241 1275.4968 68.2361 172.5972 2099
1471.1210 1238.4922 72.2500 172.5972 2100
1477.6194 1201.4407 76.2639 172.5972 2101
1484.0768 1164.3330 80.2778 172.5972 2102
1490.5466 1127.1882 84.2917 172.5972 2103
1497.0486 1090.0470 88.3056 172.5972 2104
1503.5619 1052.8608 92.3194 172.5972 2105
1510.0554 1015.6736 96.3333 172.5972 2106
1516.5671 978.4810 100.3472 172.5972 2107
1523.0343 941.2384 104.3611 172.5972 2108
1529.4673 904.0076 108.3750 172.5972 2109
1535.8655 866.7922 112.3889 172.5972 2110
1542.2244 829.6566 116.4028 172.5972 2111
1548.5790 792.4635 120.4167 172.5972 2112
1554.9094 755.2657 124.4306 172.5972 2113
1561.2294 718.1134 128.4444 172.5972 2114
1567.5308 681.0125 132.4583 172.5972 2115
1573.8483 643.9416 136.4722 172.5972 2116
1580.1335 606.9444 140.4861 172.5972 2117
1586.4069 570.0101 144.5000 172.5972 2118
1462.2273 1502.2325 44.1528 176.6111 2142
1475.3474 1429.0206 52.1806 176.6111 2144
1481.9449 1392.3193 56.1944 176.6111 2145
1488.5190 1355.5266 60.2083 176.6111 2146
1495.0564 1318.6548 64.2222 176.6111 2147
1501.5824 1281.7202 68.2361 176.6111 2148
1508.0874 1244.7411 72.2500 176.6111 2149
1514.6058 1207.7150 76.2639 176.6111 2150
1521.0840 1170.6368 80.2778 176.6111 2151
1527.5671 1133.5220 84.2917 176.6111 2152
1534.0791 1096.4165 88.3056 176.6111 2153
1540.5983 1059.2400 92.3194 176.6111 2154
1547.0919 1022.0770 96.3333 176.6111 2155
1553.6082 984.9003 100.3472 176.6111 2156
1560.0822 947.6865 104.3611 176.6111 2157
1566.5103 910.4795 108.3750 176.6111 2158
1572.9023 873.2751 112.3889 176.6111 2159
1579.2351 836.1658 116.4028 176.6111 2160
1585.5914 798.9913 120.4167 176.6111 2161
1591.9003 761.8306 124.4306 176.6111 2162
1598.2017 724.6879 128.4444 176.6111 2163
1604.4926 687.5972 132.4583 176.6111 2164
1610.7831 650.5573 136.4722 176.6111 2165
1617.0430 613.5822 140.4861 176.6111 2166
1498.9276 1508.0259 44.1528 180.6250 2191
1505.5796 1471.6656 48.1667 180.6250 2192
1512.1622 1435.0723 52.1806 180.6250 2193
1518.7891 1398.4335 56.1944 180.6250 2194
1525.3848 1361.6702 60.2083 180.6250 2195
1531.9467 1324.8398 64.2222 180.6250 2196
1538.4841 1287.9404 68.2361 180.6250 2197
1545.0009 1250.9775 72.2500 180.6250 2198
1551.5388 1213.9814 76.2639 180.6250 2199
1558.0316 1176.9243 80.2778 180.6250 2200
1564.5265 1139.8291 84.2917 180.6250 2201
1571.0457 1102.7466 88.3056 180.6250 2202
1577.5724 1065.6119 92.3194 180.6250 2203
1584.0741 1028.4756 96.3333 180.6250 2204
1590.5878 991.3098 100.3472 180.6250 2205
1597.0663 954.1207 104.3611 180.6250 2206
1603.4872 916.9390 108.3750 180.6250 2207
1609.8687 879.7603 112.3889 180.6250 2208
1616.1990 842.6639 116.4028 180.6250 2209
1622.5320 805.5205 120.4167 180.6250 2210
1628.8302 768.3862 124.4306 180.6250 2211
1635.1140 731.2708 128.4444 180.6250 2212
1641.3894 694.2024 132.4583 180.6250 2213
1647.6399 657.1877 136.4722 180.6250 2214
1653.8929 620.2470 140.4861 180.6250 2215
1542.3674 1477.5938 48.1667 184.6389 2241
1548.9708 1441.0854 52.1806 184.6389 2242
1555.5563 1404.4967 56.1944 184.6389 2243
1562.1719 1367.7931 60.2083 184.6389 2244
1568.7623 1330.9827 64.2222 184.6389 2245
1575.3311 1294.1117 68.2361 184.6389 2246
1581.8654 1257.1860 72.2500 184.6389 2247
1588.4167 1220.2189 76.2639 184.6389 2248
1594.9167 1183.1882 80.2778 184.6389 2249
1601.4148 1146.1244 84.2917 184.6389 2250
1607.9425 1109.0773 88.3056 184.6389 2251
1614.4747 1071.9729 92.3194 184.6389 2252
1620.9857 1034.8546 96.3333 184.6389 2253
1627.4993 997.7130 100.3472 184.6389 2254
1633.9644 960.5539 104.3611 184.6389 2255
1640.3740 923.3962 108.3750 184.6389 2256
1646.7429 886.2515 112.3889 184.6389 2257
1653.0609 849.1804 116.4028 184.6389 2258
1659.4086 812.0509 120.4167 184.6389 2259
1665.6771 774.9457 124.4306 184.6389 2260
1671.9534 737.8617 128.4444 184.6389 2261
1678.1934 700.8315 132.4583 184.6389 2262
1684.4330 663.8461 136.4722 184.6389 2263
1592.3236 1410.4965 56.1944 188.6528 2292
1598.8951 1373.8756 60.2083 188.6528 2293
1605.5142 1337.1061 64.2222 188.6528 2294
1612.0914 1300.2765 68.2361 188.6528 2295
1618.6488 1263.3948 72.2500 188.6528 2296
1625.2083 1226.4540 76.2639 188.6528 2297
1631.7194 1189.4532 80.2778 188.6528 2298
1638.2280 1152.4150 84.2917 188.6528 2299
1644.7623 1115.3898 88.3056 188.6528 2300
1651.3071 1078.3101 92.3194 188.6528 2301
1657.8282 1041.2100 96.3333 188.6528 2302
1664.3307 1004.1109 100.3472 188.6528 2303
1670.7985 966.9850 104.3611 188.6528 2304
1677.1925 929.8498 108.3750 188.6528 2305
1683.5596 892.7247 112.3889 188.6528 2306
1689.8899 855.6754 116.4028 188.6528 2307
1696.1969 818.5870 120.4167 188.6528 2308
1702.4562 781.5035 124.4306 188.6528 2309
1708.7075 744.4626 128.4444 188.6528 2310
1714.9290 707.4575 132.4583 188.6528 2311
1648.7501 1306.4048 68.2361 192.6667 2344
1655.3331 1269.5459 72.2500 192.6667 2345
1661.9048 1232.6324 76.2639 192.6667 2346
1668.4255 1195.6746 80.2778 192.6667 2347
1674.9458 1158.6711 84.2917 192.6667 2348
1681.4825 1121.6831 88.3056 192.6667 2349
1688.0239 1084.6261 92.3194 192.6667 2350
1694.5369 1047.5653 96.3333 192.6667 2351
1701.0461 1010.5001 100.3472 192.6667 2352
1707.5122 973.4016 104.3611 192.6667 2353
1713.9192 936.2839 108.3750 192.6667 2354
1720.2831 899.1851 112.3889 192.6667 2355
1726.5746 862.1871 116.4028 192.6667 2356
1732.8816 825.1153 120.4167 192.6667 2357
1739.1001 788.0709 124.4306 192.6667 2358
1685.3580 1312.4514 68.2361 196.6806 2393
1691.9232 1275.6710 72.2500 196.6806 2394
1698.5085 1238.8070 76.2639 196.6806 2395
1705.0405 1201.8901 80.2778 196.6806 2396
1711.5707 1164.9169 84.2917 196.6806 2397
1718.1216 1127.9646 88.3056 196.6806 2398
1724.6766 1090.9441 92.3194 196.6806 2399
1731.1875 1053.9133 96.3333 196.6806 2400
1737.7037 1016.8704 100.3472 196.6806 2401
1744.1564 979.7947 104.3611 196.6806 2402
1750.5519 942.7191 108.3750 196.6806 2403
1756.9043 905.6747 112.3889 196.6806 2404
1763.1831 868.6862 116.4028 196.6806 2405
1769.4617 831.6652 120.4167 196.6806 2406
1728.4816 1281.7079 72.2500 200.6944 2443
1735.0269 1244.9000 76.2639 200.6944 2444
1741.5491 1208.0341 80.2778 200.6944 2445
1748.0919 1171.1196 84.2917 200.6944 2446
1754.6531 1134.2006 88.3056 200.6944 2447
1761.2147 1097.2206 92.3194 200.6944 2448
1767.7371 1060.2252 96.3333 200.6944 2449
1774.2388 1023.2203 100.3472 200.6944 2450
1780.6946 986.1839 104.3611 200.6944 2451
1787.0674 949.1528 108.3750 200.6944 2452
1793.3966 912.1221 112.3889 200.6944 2453
1777.9111 1214.1744 80.2778 204.7083 2494
1784.5393 1177.2007 84.2917 204.7083 2495
1791.0929 1140.3561 88.3056 204.7083 2496
1797.6511 1103.4329 92.3194 204.7083 2497
1814.3097 1220.1884 80.2778 208.7222 2543
1820.4047 1183.3765 84.2917 208.7222 2544
