1537.1478 447.7402 100.3472 88.3056 1103
1543.4155 409.5359 104.3611 88.3056 1104
1552.8035 371.4364 108.3750 88.3056 1105
1547.9496 643.9028 80.2778 92.3194 1147
1553.1831 606.0874 84.2917 92.3194 1148
1558.6482 568.2082 88.3056 92.3194 1149
1564.1605 530.0701 92.3194 92.3194 1150
1569.7483 491.6895 96.3333 92.3194 1151
1575.4441 453.1147 100.3472 92.3194 1152
1581.1783 414.4204 104.3611 92.3194 1153
1586.8167 375.3072 108.3750 92.3194 1154
1584.7650 649.1948 80.2778 96.3333 1196
1601.4897 534.8740 92.3194 96.3333 1199
1607.2053 496.2117 96.3333 96.3333 1200
1612.9816 457.5016 100.3472 96.3333 1201
1618.7974 418.4619 104.3611 96.3333 1202
1624.5673 379.3556 108.3750 96.3333 1203
1630.4275 339.9657 112.3889 96.3333 1204
1621.9349 654.5936 80.2778 100.3472 1245
1627.5914 616.5024 84.2917 100.3472 1246
1633.3352 578.2129 88.3056 100.3472 1247
1639.1273 539.6862 92.3194 100.3472 1248
1644.9570 500.9580 96.3333 100.3472 1249
1650.8524 462.0146 100.3472 100.3472 1250
1656.7655 422.8327 104.3611 100.3472 1251
1662.6892 383.4417 108.3750 100.3472 1252
1668.7168 343.8101 112.3889 100.3472 1253
1674.7549 304.2096 116.4028 100.3472 1254
1680.8397 264.3981 120.4167 100.3472 1255
1686.8164 224.6122 124.4306 100.3472 1256
1647.9843 735.8024 72.2500 104.3611 1292
1653.7532 698.0426 76.2639 104.3611 1293
1659.5146 660.0269 80.2778 104.3611 1294
1665.3362 621.7707 84.2917 104.3611 1295
1671.2235 583.3326 88.3056 104.3611 1296
1677.1714 544.6410 92.3194 104.3611 1297
1683.1456 505.7438 96.3333 104.3611 1298
1689.1821 466.6381 100.3472 104.3611 1299
1695.2418 427.2834 104.3611 104.3611 1300
1701.3083 387.7113 108.3750 104.3611 1301
1707.3896 347.9492 112.3889 104.3611 1302
1713.4965 308.0739 116.4028 104.3611 1303
1719.7577 267.9798 120.4167 104.3611 1304
1725.9958 227.7637 124.4306 104.3611 1305
1668.1476 853.5970 60.2083 108.3750 1338
1673.8845 816.6052 64.2222 108.3750 1339
1679.7131 779.2271 68.2361 108.3750 1340
1685.5798 741.5783 72.2500 108.3750 1341
1691.5051 703.6676 76.2639 108.3750 1342
1697.4297 665.5093 80.2778 108.3750 1343
1703.4121 627.0999 84.2917 108.3750 1344
1709.4454 588.5114 88.3056 108.3750 1345
1715.5425 549.6559 92.3194 108.3750 1346
1721.6669 510.5983 96.3333 108.3750 1347
1727.8588 471.3345 100.3472 108.3750 1348
1734.0494 431.8121 104.3611 108.3750 1349
1740.2465 392.0685 108.3750 108.3750 1350
1746.4806 352.1154 112.3889 108.3750 1351
1752.7268 312.0693 116.4028 108.3750 1352
1759.0326 271.7339 120.4167 108.3750 1353
1765.4241 231.2382 124.4306 108.3750 1354
1771.9137 190.6569 128.4444 108.3750 1355
1778.6549 150.1221 132.4583 108.3750 1356
1693.6271 933.4930 52.1806 112.3889 1385
1699.6133 896.8345 56.1944 112.3889 1386
1705.5048 859.9941 60.2083 112.3889 1387
1711.4762 822.7430 64.2222 112.3889 1388
1717.4843 785.1979 68.2361 112.3889 1389
1723.5209 747.4052 72.2500 112.3889 1390
1729.6104 709.3583 76.2639 112.3889 1391
1735.7026 671.0519 80.2778 112.3889 1392
1741.8315 632.4991 84.2917 112.3889 1393
1748.0229 593.7518 88.3056 112.3889 1394
1754.2897 554.7376 92.3194 112.3889 1395
1760.5485 515.5192 96.3333 112.3889 1396
1766.8986 476.0799 100.3472 112.3889 1397
1773.2394 436.4046 104.3611 112.3889 1398
1779.5746 396.4984 108.3750 112.3889 1399
1785.9432 356.3647 112.3889 112.3889 1400
1792.3363 316.1299 116.4028 112.3889 1401
1798.7686 275.6125 120.4167 112.3889 1402
1805.2413 234.8753 124.4306 112.3889 1403
1811.8989 194.0044 128.4444 112.3889 1404
1818.4963 153.1761 132.4583 112.3889 1405
1731.0347 940.0731 52.1806 116.4028 1434
1743.2507 866.3218 60.2083 116.4028 1436
1749.4082 828.9183 64.2222 116.4028 1437
1755.5728 791.2175 68.2361 116.4028 1438
1761.7865 753.2743 72.2500 116.4028 1439
1768.0333 715.0845 76.2639 116.4028 1440
1774.2965 676.6375 80.2778 116.4028 1441
1780.5765 637.9431 84.2917 116.4028 1442
1786.9435 599.0460 88.3056 116.4028 1443
1793.3480 559.8887 92.3194 116.4028 1444
1799.7657 520.5132 96.3333 116.4028 1445
1806.2540 480.9128 100.3472 116.4028 1446
1812.7623 441.0584 104.3611 116.4028 1447
1819.2443 400.9915 108.3750 116.4028 1448
1825.7595 360.6922 112.3889 116.4028 1449
1832.2777 320.2836 116.4028 116.4028 1450
1838.8724 279.5669 120.4167 116.4028 1451
1845.4954 238.6207 124.4306 116.4028 1452
1852.2010 197.5022 128.4444 116.4028 1453
1859.0330 156.3157 132.4583 116.4028 1454
1762.4985 983.3834 48.1667 120.4167 1482
1768.7819 946.7719 52.1806 120.4167 1483
1775.0093 909.9534 56.1944 120.4167 1484
1781.3232 872.6738 60.2083 120.4167 1485
1787.6383 835.1226 64.2222 120.4167 1486
1793.9884 797.2847 68.2361 120.4167 1487
1800.3624 759.1976 72.2500 120.4167 1488
1806.7837 720.8705 76.2639 120.4167 1489
1813.1870 682.2749 80.2778 120.4167 1490
1819.6315 643.4394 84.2917 120.4167 1491
1826.1531 604.4091 88.3056 120.4167 1492
1832.7433 565.0931 92.3194 120.4167 1493
1839.3181 525.5646 96.3333 120.4167 1494
1845.9554 485.7971 100.3472 120.4167 1495
1852.5928 445.7920 104.3611 120.4167 1496
1859.2513 405.5482 108.3750 120.4167 1497
1865.9283 365.0857 112.3889 120.4167 1498
1872.5947 324.4991 116.4028 120.4167 1499
1879.3506 283.5956 120.4167 120.4167 1500
1886.1094 242.4622 124.4306 120.4167 1501
1892.9741 201.1226 128.4444 120.4167 1502
1899.8910 159.6294 132.4583 120.4167 1503
1906.9714 118.0794 136.4722 120.4167 1504
1800.4242 990.1794 48.1667 124.4306 1531
1806.7610 953.5565 52.1806 124.4306 1532
1813.2162 916.4897 56.1944 124.4306 1533
1819.7035 879.0828 60.2083 124.4306 1534
1826.2014 841.3922 64.2222 124.4306 1535
1832.7091 803.4131 68.2361 124.4306 1536
1839.2510 765.1779 72.2500 124.4306 1537
1845.8339 726.7161 76.2639 124.4306 1538
1852.3964 687.9814 80.2778 124.4306 1539
1859.0109 648.9848 84.2917 124.4306 1540
1865.7048 609.7815 88.3056 124.4306 1541
1872.4440 570.3503 92.3194 124.4306 1542
1879.1940 530.6708 96.3333 124.4306 1543
1885.9894 490.7544 100.3472 124.4306 1544
1892.7977 450.5762 104.3611 124.4306 1545
1899.6036 410.1614 108.3750 124.4306 1546
1906.4292 369.5336 112.3889 124.4306 1547
1913.2764 328.7690 116.4028 124.4306 1548
1920.1796 287.6868 120.4167 124.4306 1549
1927.1068 246.3579 124.4306 124.4306 1550
1934.1259 204.8191 128.4444 124.4306 1551
1941.1891 163.0944 132.4583 124.4306 1552
1948.3978 121.3253 136.4722 124.4306 1553
1838.5582 997.0695 48.1667 128.4444 1580
1845.0691 960.3107 52.1806 128.4444 1581
1851.7086 923.0656 56.1944 128.4444 1582
1858.3727 885.5256 60.2083 128.4444 1583
1865.0354 847.6906 64.2222 128.4444 1584
1871.7229 809.5773 68.2361 128.4444 1585
1878.4253 771.2053 72.2500 128.4444 1586
1885.1700 732.6242 76.2639 128.4444 1587
1891.9022 693.7235 80.2778 128.4444 1588
1898.6819 654.5812 84.2917 128.4444 1589
1905.5322 615.2365 88.3056 128.4444 1590
1912.4406 575.6342 92.3194 128.4444 1591
1919.3508 535.8347 96.3333 128.4444 1592
1926.3268 495.7695 100.3472 128.4444 1593
1933.2948 455.4168 104.3611 128.4444 1594
1940.2671 414.8441 108.3750 128.4444 1595
1947.2485 374.0376 112.3889 128.4444 1596
1954.2629 333.1009 116.4028 128.4444 1597
1961.3400 291.8393 120.4167 128.4444 1598
1968.4313 250.3189 124.4306 128.4444 1599
1975.6085 208.5752 128.4444 128.4444 1600
1982.8385 166.6452 132.4583 128.4444 1601
1990.1930 124.5837 136.4722 128.4444 1602
1870.1960 1040.6986 44.1528 132.4583 1628
1876.8539 1004.0112 48.1667 132.4583 1629
1883.6083 967.0471 52.1806 132.4583 1630
1890.4338 929.6817 56.1944 132.4583 1631
1897.2623 892.0128 60.2083 132.4583 1632
1904.0912 854.0354 64.2222 132.4583 1633
1910.9492 815.7786 68.2361 132.4583 1634
1917.8165 777.2889 72.2500 132.4583 1635
1924.7261 738.5585 76.2639 132.4583 1636
1931.6304 699.5255 80.2778 132.4583 1637
1938.5778 660.2220 84.2917 132.4583 1638
1981.1649 419.5590 108.3750 132.4583 1639
1988.3340 378.5785 112.3889 132.4583 1640
1995.5104 337.4759 116.4028 132.4583 1641
2002.7522 296.0291 120.4167 132.4583 1642
2010.0146 254.3289 124.4306 132.4583 1643
2017.3679 212.3862 128.4444 132.4583 1644
2024.7657 170.2522 132.4583 132.4583 1645
2032.2548 127.9322 136.4722 132.4583 1646
2039.8480 85.6409 140.4861 132.4583 1647
1908.7749 1047.7800 44.1528 136.4722 1672
1915.5889 1011.0057 48.1667 136.4722 1673
1922.5387 973.8588 52.1806 136.4722 1674
1929.5320 936.3567 56.1944 136.4722 1675
1936.5437 898.5450 60.2083 136.4722 1676
1943.5563 860.4611 64.2222 136.4722 1677
1950.5715 822.0656 68.2361 136.4722 1678
1957.6003 783.4305 72.2500 136.4722 1679
1964.6862 744.5382 76.2639 136.4722 1680
1971.7838 705.3757 80.2778 136.4722 1681
1978.9010 665.9464 84.2917 136.4722 1682
2022.5116 424.3255 108.3750 136.4722 1683
2029.8540 383.1904 112.3889 136.4722 1684
2037.2028 341.9117 116.4028 136.4722 1685
2044.6277 300.2835 120.4167 136.4722 1686
2052.0715 258.3956 124.4306 136.4722 1687
2059.6025 216.2567 128.4444 136.4722 1688
2067.1765 173.9294 132.4583 136.4722 1689
2074.8479 131.3752 136.4722 136.4722 1690
2082.5425 88.8633 140.4861 136.4722 1691
2090.4028 46.9386 144.5000 136.4722 1692
1954.6198 1017.9920 48.1667 140.4861 1717
1961.7728 980.6897 52.1806 140.4861 1718
1968.9425 943.0666 56.1944 140.4861 1719
1976.1143 905.1287 60.2083 140.4861 1720
1983.3013 866.9176 64.2222 140.4861 1721
1990.4875 828.4041 68.2361 140.4861 1722
1997.7074 789.6177 72.2500 140.4861 1723
2004.9608 750.5801 76.2639 140.4861 1724
2012.2079 711.2632 80.2778 140.4861 1725
2019.4886 671.7196 84.2917 140.4861 1726
2064.1899 429.1581 108.3750 140.4861 1727
2071.7161 387.8514 112.3889 140.4861 1728
2079.2498 346.3888 116.4028 140.4861 1729
2086.8574 304.5832 120.4167 140.4861 1730
2094.4827 262.5034 124.4306 140.4861 1731
2102.1951 220.1809 128.4444 140.4861 1732
2109.9675 177.6339 132.4583 140.4861 1733
2117.8191 134.8885 136.4722 140.4861 1734
2125.7041 92.1495 140.4861 140.4861 1735
2133.3606 49.9475 144.5000 140.4861 1736
1986.7626 1061.9493 44.1528 144.5000 1760
1993.9586 1024.9822 48.1667 144.5000 1761
2001.2844 987.5752 52.1806 144.5000 1762
2008.6317 949.8224 56.1944 144.5000 1763
2015.9924 911.7636 60.2083 144.5000 1764
2023.3551 873.4271 64.2222 144.5000 1765
2030.7214 834.7816 68.2361 144.5000 1766
2038.1041 795.8723 72.2500 144.5000 1767
2045.5391 756.6821 76.2639 144.5000 1768
2052.9517 717.2384 80.2778 144.5000 1769
2060.4124 677.5466 84.2917 144.5000 1770
2106.2004 434.0203 108.3750 144.5000 1771
2113.9202 392.5493 112.3889 144.5000 1772
2121.6416 350.9208 116.4028 144.5000 1773
2129.4402 308.9431 120.4167 144.5000 1774
2137.2615 266.6563 124.4306 144.5000 1775
2145.1726 224.1410 128.4444 144.5000 1776
2153.1277 181.4031 132.4583 144.5000 1777
2161.1729 138.4480 136.4722 144.5000 1778
2169.2263 95.5279 140.4861 144.5000 1779
2177.1743 52.3981 144.5000 144.5000 1780
2026.1851 1069.1162 44.1528 148.5139 1804
2041.0852 994.4966 52.1806 148.5139 1806
2048.6223 956.6232 56.1944 148.5139 1807
2056.1577 918.4371 60.2083 148.5139 1808
2063.7095 879.9741 64.2222 148.5139 1809
2071.2617 841.2043 68.2361 148.5139 1810
2078.8320 802.1736 72.2500 148.5139 1811
2086.4407 762.8545 76.2639 148.5139 1812
2094.0273 723.2620 80.2778 148.5139 1813
2101.6719 683.4286 84.2917 148.5139 1814
2148.5688 438.9356 108.3750 148.5139 1815
2156.4768 397.2823 112.3889 148.5139 1816
2164.4070 355.4805 116.4028 148.5139 1817
2172.4023 313.3217 120.4167 148.5139 1818
2180.4197 270.8594 124.4306 148.5139 1819
2188.5161 228.1429 128.4444 148.5139 1820
2196.6794 185.2010 132.4583 148.5139 1821
2204.9192 142.0563 136.4722 148.5139 1822
2213.1155 98.9953 140.4861 148.5139 1823
2065.9875 1076.2507 44.1528 152.5278 1848
2073.5164 1038.9766 48.1667 152.5278 1849
2081.1829 1001.4448 52.1806 152.5278 1850
2088.9082 963.4653 56.1944 152.5278 1851
2096.6235 925.1495 60.2083 152.5278 1852
2104.3557 886.5522 64.2222 152.5278 1853
2112.0933 847.6741 68.2361 152.5278 1854
2119.8535 808.5213 72.2500 152.5278 1855
2127.6484 769.0658 76.2639 152.5278 1856
2135.4236 729.3474 80.2778 152.5278 1857
2143.2600 689.3358 84.2917 152.5278 1858
2151.1646 649.1133 88.3056 152.5278 1859
2159.1316 608.5909 92.3194 152.5278 1860
2167.1072 567.8144 96.3333 152.5278 1861
2175.1604 526.8003 100.3472 152.5278 1862
2183.2373 485.4674 104.3611 152.5278 1863
2191.3071 443.8867 108.3750 152.5278 1864
2199.3965 402.0714 112.3889 152.5278 1865
2207.5181 360.0869 116.4028 152.5278 1866
2215.7161 317.7358 120.4167 152.5278 1867
2223.9373 275.0837 124.4306 152.5278 1868
2232.2488 232.1827 128.4444 152.5278 1869
2240.6079 189.0432 132.4583 152.5278 1870
2249.0317 145.7359 136.4722 152.5278 1871
2105.9270 1083.4485 44.1528 156.5417 1897
2113.6987 1046.0062 48.1667 156.5417 1898
2121.5684 1008.4321 52.1806 156.5417 1899
2129.4849 970.3414 56.1944 156.5417 1900
2137.3921 931.9213 60.2083 156.5417 1901
2145.3147 893.1937 64.2222 156.5417 1902
2153.2341 854.1902 68.2361 156.5417 1903
2161.1738 814.9037 72.2500 156.5417 1904
2169.1565 775.3158 76.2639 156.5417 1905
2177.1353 735.4449 80.2778 156.5417 1906
2185.1729 695.3019 84.2917 156.5417 1907
2193.2698 654.9312 88.3056 156.5417 1908
2201.4341 614.2542 92.3194 156.5417 1909
2209.6152 573.3283 96.3333 156.5417 1910
2217.8669 532.1360 100.3472 156.5417 1911
2226.1255 490.6419 104.3611 156.5417 1912
2234.3987 448.8966 108.3750 156.5417 1913
2242.6875 406.9032 112.3889 156.5417 1914
2251.0110 364.7312 116.4028 156.5417 1915
2259.4155 322.1890 120.4167 156.5417 1916
2267.8462 279.3442 124.4306 156.5417 1917
2276.3662 236.2509 128.4444 156.5417 1918
2284.9451 192.9216 132.4583 156.5417 1919
2293.5154 149.4790 136.4722 156.5417 1920
2302.0461 106.3092 140.4861 156.5417 1921
2146.0469 1090.5018 44.1528 160.5556 1946
2154.2310 1053.0784 48.1667 160.5556 1947
2162.2476 1015.4255 52.1806 160.5556 1948
2170.3474 977.2547 56.1944 160.5556 1949
2178.4534 938.7195 60.2083 160.5556 1950
2186.5535 899.8792 64.2222 160.5556 1951
2194.6763 860.7333 68.2361 160.5556 1952
2202.8091 821.3260 72.2500 160.5556 1953
2210.9937 781.6058 76.2639 160.5556 1954
2219.1726 741.5862 80.2778 160.5556 1955
2227.3923 701.3050 84.2917 160.5556 1956
2235.6863 660.8001 88.3056 160.5556 1957
2244.0525 619.9582 92.3194 160.5556 1958
2252.4338 578.8790 96.3333 160.5556 1959
2260.8945 537.5248 100.3472 160.5556 1960
2269.3679 495.8633 104.3611 160.5556 1961
2277.8462 453.9472 108.3750 160.5556 1962
2286.3411 411.7636 112.3889 160.5556 1963
2294.8740 369.4140 116.4028 160.5556 1964
2303.4897 326.6666 120.4167 160.5556 1965
2312.1321 283.6403 124.4306 160.5556 1966
2320.8640 240.3593 128.4444 160.5556 1967
2329.6265 196.8422 132.4583 160.5556 1968
2338.3513 153.3248 136.4722 160.5556 1969
2347.1895 109.8842 140.4861 160.5556 1970
2203.2581 1022.3659 52.1806 164.5694 1997
2211.5322 984.2097 56.1944 164.5694 1998
2219.8472 945.5674 60.2083 164.5694 1999
2228.1545 906.6000 64.2222 164.5694 2000
2236.4727 867.3373 68.2361 164.5694 2001
2244.8086 827.7872 72.2500 164.5694 2002
2253.1843 787.9501 76.2639 164.5694 2003
2261.5657 747.7943 80.2778 164.5694 2004
2269.9900 707.3652 84.2917 164.5694 2005
2278.4946 666.6986 88.3056 164.5694 2006
2287.0652 625.7158 92.3194 164.5694 2007
2295.6650 584.4711 96.3333 164.5694 2008
2304.3469 542.9412 100.3472 164.5694 2009
2313.0159 501.1213 104.3611 164.5694 2010
2321.6938 459.0367 108.3750 164.5694 2011
2330.4111 416.6766 112.3889 164.5694 2012
2339.1599 374.1235 116.4028 164.5694 2013
2348.0015 331.1925 120.4167 164.5694 2014
2356.8640 287.9760 124.4306 164.5694 2015
2365.8088 244.4999 128.4444 164.5694 2016
2374.7180 200.8882 132.4583 164.5694 2017
2244.5942 1029.3900 52.1806 168.5833 2046
2253.0515 991.1414 56.1944 168.5833 2047
2261.5564 952.4510 60.2083 168.5833 2048
2270.0713 913.3672 64.2222 168.5833 2049
2278.5959 873.9797 68.2361 168.5833 2050
2287.1335 834.2981 72.2500 168.5833 2051
2295.7244 794.3220 76.2639 168.5833 2052
2304.3101 754.0300 80.2778 168.5833 2053
2312.9460 713.4656 84.2917 168.5833 2054
2321.6575 672.6321 88.3056 168.5833 2055
2330.4465 631.5054 92.3194 168.5833 2056
2339.2595 590.0889 96.3333 168.5833 2057
2348.1289 548.4235 100.3472 168.5833 2058
2357.0283 506.4330 104.3611 168.5833 2059
2365.9395 464.1554 108.3750 168.5833 2060
2374.8850 421.6113 112.3889 168.5833 2061
2383.8718 378.8682 116.4028 168.5833 2062
2392.9258 335.7583 120.4167 168.5833 2063
2402.0034 292.3495 124.4306 168.5833 2064
2286.1255 1036.4293 52.1806 172.5972 2095
2294.9817 998.0291 56.1944 172.5972 2096
2303.6023 959.3453 60.2083 172.5972 2097
2312.3215 920.1609 64.2222 172.5972 2098
2321.0491 880.6603 68.2361 172.5972 2099
2329.8062 840.8500 72.2500 172.5972 2100
2338.6023 800.7308 76.2639 172.5972 2101
2347.3955 760.3079 80.2778 172.5972 2102
2356.2480 719.5840 84.2917 172.5972 2103
2365.1838 678.6158 88.3056 172.5972 2104
2374.1724 637.3356 92.3194 172.5972 2105
2383.2061 595.7724 96.3333 172.5972 2106
2392.3147 553.9274 100.3472 172.5972 2107
2401.4412 511.7627 104.3611 172.5972 2108
2410.5869 469.3013 108.3750 172.5972 2109
2419.7710 426.5532 112.3889 172.5972 2110
2346.0200 966.1474 60.2083 176.6111 2146
2354.8838 926.9772 64.2222 176.6111 2147
2363.8357 887.3764 68.2361 176.6111 2148
2372.8091 847.4362 72.2500 176.6111 2149
2381.8303 807.1874 76.2639 176.6111 2150
2390.8545 766.6208 80.2778 176.6111 2151
2399.9182 725.7546 84.2917 176.6111 2152
2409.0623 684.6398 88.3056 176.6111 2153
2418.2925 643.1957 92.3194 176.6111 2154
2388.4019 972.9568 60.2083 180.6250 2195
2397.8362 933.7085 64.2222 180.6250 2196
2406.9531 894.0468 68.2361 180.6250 2197
2416.1421 854.0394 72.2500 180.6250 2198
2425.3977 813.6631 76.2639 180.6250 2199
