25.1772 687.2179 100.3472 88.3056 1103
36.7068 647.9881 104.3611 88.3056 1104
22.7258 856.8380 84.2917 92.3194 1148
33.9871 817.2861 88.3056 92.3194 1149
45.3171 777.7717 92.3194 92.3194 1150
56.6467 738.3403 96.3333 92.3194 1151
68.0631 699.0086 100.3472 92.3194 1152
79.4503 659.7390 104.3611 92.3194 1153
90.8844 620.7640 108.3750 92.3194 1154
21.2834 1026.1783 68.2361 96.3333 1193
32.3076 986.5972 72.2500 96.3333 1194
43.3781 947.0474 76.2639 96.3333 1195
54.4421 907.5073 80.2778 96.3333 1196
65.5495 868.0002 84.2917 96.3333 1197
76.7310 828.5981 88.3056 96.3333 1198
87.9758 789.2261 92.3194 96.3333 1199
99.2310 749.9420 96.3333 96.3333 1200
110.5383 710.7419 100.3472 96.3333 1201
121.8642 671.6115 104.3611 96.3333 1202
133.1811 632.5693 108.3750 96.3333 1203
144.5274 593.8000 112.3889 96.3333 1204
31.2937 1155.0308 56.1944 100.3472 1239
42.1971 1115.5620 60.2083 100.3472 1240
53.1112 1076.0831 64.2222 100.3472 1241
64.0481 1036.6169 68.2361 100.3472 1242
74.9986 997.1981 72.2500 100.3472 1243
86.0034 957.8071 76.2639 100.3472 1244
96.9903 918.4293 80.2778 100.3472 1245
108.0211 879.0759 84.2917 100.3472 1246
119.1208 839.8323 88.3056 100.3472 1247
130.2856 800.6033 92.3194 100.3472 1248
141.4567 761.4677 96.3333 100.3472 1249
152.6832 722.4103 100.3472 100.3472 1250
163.9248 683.4139 104.3611 100.3472 1251
175.1362 644.5042 108.3750 100.3472 1252
186.3936 605.6890 112.3889 100.3472 1253
197.7655 567.4520 116.4028 100.3472 1254
30.7813 1322.0879 40.1389 104.3611 1284
41.4944 1282.7925 44.1528 104.3611 1285
52.2427 1243.4750 48.1667 104.3611 1286
63.0483 1204.1714 52.1806 104.3611 1287
73.8884 1164.9052 56.1944 104.3611 1288
84.7264 1125.5861 60.2083 104.3611 1289
95.5685 1086.2717 64.2222 104.3611 1290
106.4463 1046.9742 68.2361 104.3611 1291
117.3309 1007.7086 72.2500 104.3611 1292
128.2532 968.4813 76.2639 104.3611 1293
139.1689 929.2504 80.2778 104.3611 1294
150.1376 890.0627 84.2917 104.3611 1295
161.1582 850.9805 88.3056 104.3611 1296
172.2393 811.9129 92.3194 104.3611 1297
183.3299 772.9122 96.3333 104.3611 1298
194.4768 733.9982 100.3472 104.3611 1299
205.6248 695.1251 104.3611 104.3611 1300
216.7728 656.3553 108.3750 104.3611 1301
239.0895 579.2704 116.4028 104.3611 1303
250.7269 541.3317 120.4167 104.3611 1304
52.0603 1409.4790 32.1111 108.3750 1331
62.6043 1370.3762 36.1250 108.3750 1332
73.2272 1331.2612 40.1389 108.3750 1333
83.8874 1292.1160 44.1528 108.3750 1334
94.5765 1252.9583 48.1667 108.3750 1335
105.3250 1213.8190 52.1806 108.3750 1336
116.0926 1174.6802 56.1944 108.3750 1337
126.8842 1135.5325 60.2083 108.3750 1338
137.6626 1096.3813 64.2222 108.3750 1339
148.4618 1057.2261 68.2361 108.3750 1340
159.2858 1018.1338 72.2500 108.3750 1341
170.1298 979.0552 76.2639 108.3750 1342
180.9762 939.9964 80.2778 108.3750 1343
191.8717 900.9684 84.2917 108.3750 1344
202.8176 862.0280 88.3056 108.3750 1345
213.8180 823.1053 92.3194 108.3750 1346
224.8382 784.2578 96.3333 108.3750 1347
235.9032 745.4917 100.3472 108.3750 1348
246.9754 706.7653 104.3611 108.3750 1349
258.0248 668.1185 108.3750 108.3750 1350
269.0933 629.5822 112.3889 108.3750 1351
280.1822 591.3054 116.4028 108.3750 1352
291.3830 553.1948 120.4167 108.3750 1353
83.6664 1457.2191 28.0972 112.3889 1379
94.2738 1418.2374 32.1111 112.3889 1380
104.7560 1379.3113 36.1250 112.3889 1381
115.3297 1340.3512 40.1389 112.3889 1382
125.9297 1301.3685 44.1528 112.3889 1383
136.5651 1262.3578 48.1667 112.3889 1384
147.2535 1223.3743 52.1806 112.3889 1385
157.9755 1184.3972 56.1944 112.3889 1386
168.6925 1145.4047 60.2083 112.3889 1387
179.4148 1106.4044 64.2222 112.3889 1388
190.1395 1067.4120 68.2361 112.3889 1389
200.8948 1028.4797 72.2500 112.3889 1390
211.6745 989.5634 76.2639 112.3889 1391
222.4501 950.6605 80.2778 112.3889 1392
233.2666 911.7841 84.2917 112.3889 1393
244.1324 872.9949 88.3056 112.3889 1394
255.0684 834.2272 92.3194 112.3889 1395
266.0080 795.5361 96.3333 112.3889 1396
277.0000 756.9149 100.3472 112.3889 1397
287.9963 718.3237 104.3611 112.3889 1398
298.9751 679.8245 108.3750 112.3889 1399
309.9650 641.4147 112.3889 112.3889 1400
320.9384 603.2280 116.4028 112.3889 1401
332.0315 565.1274 120.4167 112.3889 1402
125.6462 1465.6876 28.0972 116.4028 1428
136.1179 1426.9487 32.1111 116.4028 1429
146.5431 1388.1447 36.1250 116.4028 1430
157.0696 1349.3582 40.1389 116.4028 1431
167.6233 1310.5190 44.1528 116.4028 1432
178.2061 1271.6726 48.1667 116.4028 1433
188.8369 1232.8457 52.1806 116.4028 1434
199.4858 1194.0127 56.1944 116.4028 1435
210.1453 1155.1804 60.2083 116.4028 1436
220.8061 1116.3488 64.2222 116.4028 1437
231.4736 1077.5046 68.2361 116.4028 1438
242.1525 1038.7347 72.2500 116.4028 1439
252.8747 999.9838 76.2639 116.4028 1440
263.5743 961.2360 80.2778 116.4028 1441
274.3198 922.5151 84.2917 116.4028 1442
285.1172 883.8856 88.3056 116.4028 1443
295.9746 845.2594 92.3194 116.4028 1444
306.8546 806.7184 96.3333 116.4028 1445
317.7693 768.2443 100.3472 116.4028 1446
328.6860 729.8062 104.3611 116.4028 1447
339.5845 691.4482 108.3750 116.4028 1448
350.4902 653.1648 112.3889 116.4028 1449
361.3895 615.1066 116.4028 116.4028 1450
372.3702 577.1520 120.4167 116.4028 1451
156.7844 1512.6606 24.0833 120.4167 1476
167.2755 1474.1323 28.0972 120.4167 1477
177.6595 1435.5728 32.1111 120.4167 1478
188.0170 1396.9252 36.1250 120.4167 1479
198.4771 1358.2893 40.1389 120.4167 1480
208.9786 1319.6052 44.1528 120.4167 1481
219.4980 1280.9113 48.1667 120.4167 1482
230.0690 1242.2296 52.1806 120.4167 1483
240.6673 1203.5509 56.1944 120.4167 1484
251.2683 1164.8760 60.2083 120.4167 1485
261.8673 1126.1927 64.2222 120.4167 1486
272.4701 1087.5288 68.2361 120.4167 1487
283.0730 1048.9093 72.2500 120.4167 1488
293.7249 1010.3165 76.2639 120.4167 1489
304.3591 971.7219 80.2778 120.4167 1490
315.0279 933.1597 84.2917 120.4167 1491
325.7709 894.6816 88.3056 120.4167 1492
336.5524 856.2148 92.3194 120.4167 1493
347.3606 817.8120 96.3333 120.4167 1494
358.2119 779.4933 100.3472 120.4167 1495
369.0496 741.1970 104.3611 120.4167 1496
379.8837 702.9854 108.3750 120.4167 1497
390.7167 664.8523 112.3889 120.4167 1498
401.5222 626.9268 116.4028 120.4167 1499
412.4165 589.0664 120.4167 120.4167 1500
198.0962 1520.8582 24.0833 124.4306 1525
208.5325 1482.5132 28.0972 124.4306 1526
218.8560 1444.1191 32.1111 124.4306 1527
229.1626 1405.6289 36.1250 124.4306 1528
239.5669 1367.1398 40.1389 124.4306 1529
250.0184 1328.6224 44.1528 124.4306 1530
260.4721 1290.0660 48.1667 124.4306 1531
270.9865 1251.5339 52.1806 124.4306 1532
281.5189 1213.0232 56.1944 124.4306 1533
292.0497 1174.4971 60.2083 124.4306 1534
302.5740 1135.9657 64.2222 124.4306 1535
313.1109 1097.4619 68.2361 124.4306 1536
323.6541 1058.9989 72.2500 124.4306 1537
334.2447 1020.5585 76.2639 124.4306 1538
344.8171 982.1204 80.2778 124.4306 1539
355.4266 943.7273 84.2917 124.4306 1540
366.0936 905.3997 88.3056 124.4306 1541
376.8179 867.0851 92.3194 124.4306 1542
387.5513 828.8308 96.3333 124.4306 1543
398.3299 790.6461 100.3472 124.4306 1544
409.1016 752.5108 104.3611 124.4306 1545
419.8667 714.4383 108.3750 124.4306 1546
430.6123 676.4509 112.3889 124.4306 1547
441.3509 638.6639 116.4028 124.4306 1548
452.1270 600.9232 120.4167 124.4306 1549
462.9175 563.3898 124.4306 124.4306 1550
239.1008 1528.9307 24.0833 128.4444 1574
249.4215 1490.7878 28.0972 128.4444 1575
259.6968 1452.5579 32.1111 128.4444 1576
269.9529 1414.2412 36.1250 128.4444 1577
280.3035 1375.9132 40.1389 128.4444 1578
290.7039 1337.5453 44.1528 128.4444 1579
301.0995 1299.1530 48.1667 128.4444 1580
311.5471 1260.7703 52.1806 128.4444 1581
322.0300 1222.4224 56.1944 128.4444 1582
332.4905 1184.0443 60.2083 128.4444 1583
342.9516 1145.6709 64.2222 128.4444 1584
353.4249 1107.3132 68.2361 128.4444 1585
363.9073 1069.0078 72.2500 128.4444 1586
374.4221 1030.7190 76.2639 128.4444 1587
384.9312 992.4435 80.2778 128.4444 1588
395.4794 954.1820 84.2917 128.4444 1589
406.0825 916.0153 88.3056 128.4444 1590
416.7393 877.8624 92.3194 128.4444 1591
427.4160 839.7573 96.3333 128.4444 1592
438.1135 801.7280 100.3472 128.4444 1593
448.8264 763.7326 104.3611 128.4444 1594
459.5049 725.8010 108.3750 128.4444 1595
470.1812 687.9630 112.3889 128.4444 1596
480.8443 650.3221 116.4028 128.4444 1597
491.5332 612.7087 120.4167 128.4444 1598
502.2686 575.3152 124.4306 128.4444 1599
268.6603 1574.9292 20.0694 132.4583 1622
279.5804 1536.8920 24.0833 132.4583 1623
289.8867 1498.9437 28.0972 132.4583 1624
300.1111 1460.8831 32.1111 132.4583 1625
310.3282 1422.7373 36.1250 132.4583 1626
320.6243 1384.5636 40.1389 132.4583 1627
330.9724 1346.3564 44.1528 132.4583 1628
341.3200 1308.1332 48.1667 132.4583 1629
351.7033 1269.9176 52.1806 132.4583 1630
362.1057 1231.7012 56.1944 132.4583 1631
372.5161 1193.4944 60.2083 132.4583 1632
382.9203 1155.2762 64.2222 132.4583 1633
393.3274 1117.0687 68.2361 132.4583 1634
403.7394 1078.9220 72.2500 132.4583 1635
414.1917 1040.7797 76.2639 132.4583 1636
424.6372 1002.6428 80.2778 132.4583 1637
435.1175 964.5365 84.2917 132.4583 1638
498.7488 737.0544 108.3750 132.4583 1639
509.3566 699.3698 112.3889 132.4583 1640
519.9247 661.8731 116.4028 132.4583 1641
530.5311 624.4009 120.4167 132.4583 1642
541.1562 587.1195 124.4306 132.4583 1643
308.8436 1582.8064 20.0694 136.4722 1666
319.8686 1544.8025 24.0833 136.4722 1667
330.1210 1507.0137 28.0972 136.4722 1668
340.3134 1469.1287 32.1111 136.4722 1669
350.4759 1431.1569 36.1250 136.4722 1670
360.7233 1393.1519 40.1389 136.4722 1671
371.0065 1355.1058 44.1528 136.4722 1672
381.3074 1317.0435 48.1667 136.4722 1673
391.6324 1278.9872 52.1806 136.4722 1674
401.9886 1240.9475 56.1944 136.4722 1675
412.3382 1202.8777 60.2083 136.4722 1676
422.6649 1164.8240 64.2222 136.4722 1677
433.0092 1126.7737 68.2361 136.4722 1678
443.3661 1088.7664 72.2500 136.4722 1679
453.7564 1050.7766 76.2639 136.4722 1680
464.1451 1012.7960 80.2778 136.4722 1681
474.5631 974.8419 84.2917 136.4722 1682
537.7816 748.2576 108.3750 136.4722 1683
548.3159 710.7134 112.3889 136.4722 1684
558.8016 673.3679 116.4028 136.4722 1685
569.3296 636.0345 120.4167 136.4722 1686
579.8474 598.9276 124.4306 136.4722 1687
359.8107 1552.6090 24.0833 140.4861 1711
370.0305 1514.9867 28.0972 140.4861 1712
380.1692 1477.2820 32.1111 140.4861 1713
390.2892 1439.4778 36.1250 140.4861 1714
400.4894 1401.6322 40.1389 140.4861 1715
410.7195 1363.7637 44.1528 140.4861 1716
420.9602 1325.8676 48.1667 140.4861 1717
431.2456 1287.9639 52.1806 140.4861 1718
441.5263 1250.0767 56.1944 140.4861 1719
451.8189 1212.1797 60.2083 140.4861 1720
462.0989 1174.2831 64.2222 140.4861 1721
472.3875 1136.3970 68.2361 140.4861 1722
482.6772 1098.5326 72.2500 140.4861 1723
493.0129 1060.6906 76.2639 140.4861 1724
503.3371 1022.8594 80.2778 140.4861 1725
513.6946 985.0575 84.2917 140.4861 1726
576.4949 759.3801 108.3750 140.4861 1727
586.9448 721.9871 112.3889 140.4861 1728
597.3622 684.7838 116.4028 140.4861 1729
607.8121 647.6052 120.4167 140.4861 1730
618.2372 610.6838 124.4306 140.4861 1731
419.6828 1485.3335 32.1111 144.5000 1757
429.7695 1447.6874 36.1250 144.5000 1758
439.9255 1410.0276 40.1389 144.5000 1759
450.1093 1372.3193 44.1528 144.5000 1760
460.2931 1334.5839 48.1667 144.5000 1761
470.5206 1296.8635 52.1806 144.5000 1762
480.7616 1259.1282 56.1944 144.5000 1763
490.9979 1221.3987 60.2083 144.5000 1764
501.2109 1183.6530 64.2222 144.5000 1765
511.4451 1145.9255 68.2361 144.5000 1766
521.6841 1108.2126 72.2500 144.5000 1767
531.9561 1070.5242 76.2639 144.5000 1768
542.2117 1032.8442 80.2778 144.5000 1769
552.5097 995.1906 84.2917 144.5000 1770
614.8940 770.4119 108.3750 144.5000 1771
625.2623 733.1658 112.3889 144.5000 1772
635.5856 696.1115 116.4028 144.5000 1773
645.9692 659.1046 120.4167 144.5000 1774
656.2469 622.4686 124.4306 144.5000 1775
427.4805 1607.7839 20.0694 148.5139 1798
438.4437 1567.8779 24.0833 148.5139 1799
448.7959 1530.5854 28.0972 148.5139 1800
458.8904 1493.2759 32.1111 148.5139 1801
468.9220 1455.8179 36.1250 148.5139 1802
479.0266 1418.3243 40.1389 148.5139 1803
489.1595 1380.7791 44.1528 148.5139 1804
509.4877 1305.6478 52.1806 148.5139 1806
519.6642 1268.0902 56.1944 148.5139 1807
529.8512 1230.5178 60.2083 148.5139 1808
540.0201 1192.9381 64.2222 148.5139 1809
550.1848 1155.3573 68.2361 148.5139 1810
560.3704 1117.8054 72.2500 148.5139 1811
570.5781 1080.2711 76.2639 148.5139 1812
580.7783 1042.7438 80.2778 148.5139 1813
591.0124 1005.2426 84.2917 148.5139 1814
652.9717 781.3664 108.3750 148.5139 1815
663.2599 744.2768 112.3889 148.5139 1816
673.5134 707.3735 116.4028 148.5139 1817
683.8012 670.5519 120.4167 148.5139 1818
693.9297 634.1711 124.4306 148.5139 1819
467.4554 1615.0195 20.0694 152.5278 1842
477.1484 1575.4974 24.0833 152.5278 1843
487.6573 1538.3193 28.0972 152.5278 1844
497.7581 1501.0935 32.1111 152.5278 1845
507.7477 1463.8417 36.1250 152.5278 1846
517.8156 1426.5123 40.1389 152.5278 1847
527.9091 1389.1453 44.1528 152.5278 1848
537.9897 1351.7437 48.1667 152.5278 1849
548.1191 1314.3560 52.1806 152.5278 1850
558.2497 1276.9684 56.1944 152.5278 1851
568.3861 1239.5525 60.2083 152.5278 1852
578.4983 1202.1315 64.2222 152.5278 1853
588.6079 1164.7078 68.2361 152.5278 1854
598.7398 1127.3096 72.2500 152.5278 1855
608.9051 1089.9414 76.2639 152.5278 1856
619.0299 1052.5579 80.2778 152.5278 1857
629.2036 1015.2110 84.2917 152.5278 1858
639.4272 977.9531 88.3056 152.5278 1859
649.6810 940.6941 92.3194 152.5278 1860
659.9447 903.5023 96.3333 152.5278 1861
670.2311 866.3697 100.3472 152.5278 1862
680.5056 829.2659 104.3611 152.5278 1863
690.7361 792.2384 108.3750 152.5278 1864
700.9492 755.3060 112.3889 152.5278 1865
721.3170 681.9301 120.4167 152.5278 1867
731.6712 645.2827 124.4306 152.5278 1868
515.7437 1584.2977 24.0833 156.5417 1892
526.1434 1545.8862 28.0972 156.5417 1893
546.2358 1471.7515 36.1250 156.5417 1895
556.2665 1434.6060 40.1389 156.5417 1896
566.3164 1397.4177 44.1528 156.5417 1897
576.3613 1360.1934 48.1667 156.5417 1898
586.4300 1322.9703 52.1806 156.5417 1899
596.5154 1285.7487 56.1944 156.5417 1900
606.5939 1248.5062 60.2083 156.5417 1901
616.6624 1211.2429 64.2222 156.5417 1902
626.7294 1173.9860 68.2361 156.5417 1903
636.7972 1136.7273 72.2500 156.5417 1904
646.8965 1099.5076 76.2639 156.5417 1905
656.9747 1062.2938 80.2778 156.5417 1906
667.0797 1025.0963 84.2917 156.5417 1907
677.2401 987.9837 88.3056 156.5417 1908
687.4355 950.8926 92.3194 156.5417 1909
697.6165 913.8374 96.3333 156.5417 1910
707.8460 876.8611 100.3472 156.5417 1911
718.0341 839.9175 104.3611 156.5417 1912
728.1819 803.0413 108.3750 156.5417 1913
738.3180 766.2681 112.3889 156.5417 1914
594.3674 1442.6001 40.1389 160.5556 1945
604.3771 1405.5853 44.1528 160.5556 1946
614.3742 1368.5364 48.1667 160.5556 1947
624.4065 1331.4885 52.1806 160.5556 1948
634.4417 1294.4377 56.1944 160.5556 1949
644.4731 1257.3608 60.2083 160.5556 1950
654.4928 1220.2601 64.2222 160.5556 1951
664.4993 1183.1533 68.2361 160.5556 1952
674.5182 1146.0712 72.2500 160.5556 1953
684.5595 1109.0010 76.2639 160.5556 1954
694.5771 1071.9388 80.2778 160.5556 1955
704.6271 1034.9015 84.2917 160.5556 1956
714.7282 997.9390 88.3056 160.5556 1957
724.8612 960.9886 92.3194 160.5556 1958
734.9801 924.0854 96.3333 160.5556 1959
745.1149 887.2593 100.3472 160.5556 1960
755.2343 850.4761 104.3611 160.5556 1961
765.3057 813.7591 108.3750 160.5556 1962
642.1384 1413.6653 44.1528 164.5694 1995
652.0908 1376.8105 48.1667 164.5694 1996
662.0832 1339.9266 52.1806 164.5694 1997
672.0722 1303.0453 56.1944 164.5694 1998
682.0610 1266.1272 60.2083 164.5694 1999
692.0344 1229.1964 64.2222 164.5694 2000
701.9984 1192.2583 68.2361 164.5694 2001
711.9597 1155.3286 72.2500 164.5694 2002
721.9512 1118.4174 76.2639 164.5694 2003
731.9178 1081.5057 80.2778 164.5694 2004
741.9045 1044.6157 84.2917 164.5694 2005
751.9413 1007.8152 88.3056 164.5694 2006
761.9960 971.0143 92.3194 164.5694 2007
772.0470 934.2739 96.3333 164.5694 2008
782.1031 897.5997 100.3472 164.5694 2009
792.1373 860.9729 104.3611 164.5694 2010
689.5010 1384.9729 48.1667 168.5833 2045
699.4562 1348.2666 52.1806 168.5833 2046
709.4076 1311.5568 56.1944 168.5833 2047
719.3469 1274.8123 60.2083 168.5833 2048
729.2746 1238.0431 64.2222 168.5833 2049
739.1848 1201.2656 68.2361 168.5833 2050
749.0941 1164.5022 72.2500 168.5833 2051
759.0287 1127.7426 76.2639 168.5833 2052
768.9410 1090.9923 80.2778 168.5833 2053
778.8721 1054.2622 84.2917 168.5833 2054
788.8395 1017.6083 88.3056 168.5833 2055
798.8267 980.9737 92.3194 168.5833 2056
808.7963 944.3913 96.3333 168.5833 2057
818.7892 907.8839 100.3472 168.5833 2058
716.6622 1429.4923 44.1528 172.5972 2093
726.5933 1392.9806 48.1667 172.5972 2094
736.4962 1356.5046 52.1806 172.5972 2095
746.4066 1319.9783 56.1944 172.5972 2096
756.3083 1283.4054 60.2083 172.5972 2097
766.1812 1246.8073 64.2222 172.5972 2098
776.0489 1210.1868 68.2361 172.5972 2099
785.9179 1173.5826 72.2500 172.5972 2100
795.7946 1136.9935 76.2639 172.5972 2101
805.6336 1100.4006 80.2778 172.5972 2102
815.5047 1063.8241 84.2917 172.5972 2103
825.4103 1027.3322 88.3056 172.5972 2104
835.3325 990.8500 92.3194 172.5972 2105
753.2711 1437.2976 44.1528 176.6111 2142
763.2675 1400.9171 48.1667 176.6111 2143
773.1754 1364.5662 52.1806 176.6111 2144
783.0461 1328.2346 56.1944 176.6111 2145
802.7504 1255.4635 64.2222 176.6111 2147
812.5696 1219.0206 68.2361 176.6111 2148
822.3918 1182.5765 72.2500 176.6111 2149
832.2139 1146.1434 76.2639 176.6111 2150
842.0040 1109.7162 80.2778 176.6111 2151
851.8110 1073.3052 84.2917 176.6111 2152
809.3321 1372.3779 52.1806 180.6250 2193
819.2844 1336.3943 56.1944 180.6250 2194
829.1255 1300.1591 60.2083 180.6250 2195
838.9468 1263.8972 64.2222 180.6250 2196
