50.2925 1193.1512 76.2639 104.3611 1293
58.6697 1152.6124 80.2778 104.3611 1294
67.0817 1112.2078 84.2917 104.3611 1295
75.5841 1071.9454 88.3056 104.3611 1296
84.1653 1031.7925 92.3194 104.3611 1297
52.0386 1402.9108 56.1944 108.3750 1337
60.3704 1362.2808 60.2083 108.3750 1338
68.6673 1321.5687 64.2222 108.3750 1339
76.9716 1280.9375 68.2361 108.3750 1340
85.2631 1240.4297 72.2500 108.3750 1341
93.5735 1199.9916 76.2639 108.3750 1342
101.8538 1159.6196 80.2778 108.3750 1343
110.1744 1119.3459 84.2917 108.3750 1344
118.5690 1079.2139 88.3056 108.3750 1345
126.9985 1039.1755 92.3194 108.3750 1346
135.4250 999.2483 96.3333 108.3750 1347
143.8866 959.4405 100.3472 108.3750 1348
152.4361 919.8263 104.3611 108.3750 1349
160.5938 880.2966 108.3750 108.3750 1350
87.2326 1449.6785 52.1806 112.3889 1385
95.5001 1408.9825 56.1944 112.3889 1386
103.7365 1368.4020 60.2083 112.3889 1387
111.9166 1327.8781 64.2222 112.3889 1388
120.0746 1287.4242 68.2361 112.3889 1389
128.2554 1247.0607 72.2500 112.3889 1390
136.4657 1206.7948 76.2639 112.3889 1391
144.6475 1166.5765 80.2778 112.3889 1392
152.8799 1126.4585 84.2917 112.3889 1393
161.1569 1086.4775 88.3056 112.3889 1394
169.4962 1046.5775 92.3194 112.3889 1395
177.8465 1006.8176 96.3333 112.3889 1396
186.2316 967.1730 100.3472 112.3889 1397
194.6089 927.6118 104.3611 112.3889 1398
202.9238 888.1897 108.3750 112.3889 1399
211.3479 849.1163 112.3889 112.3889 1400
122.2855 1495.9692 48.1667 116.4028 1433
130.4624 1455.3859 52.1806 116.4028 1434
138.5899 1414.9152 56.1944 116.4028 1435
146.6724 1374.4982 60.2083 116.4028 1436
154.7466 1334.1427 64.2222 116.4028 1437
162.8195 1293.8634 68.2361 116.4028 1438
170.9100 1253.6615 72.2500 116.4028 1439
179.0191 1213.5479 76.2639 116.4028 1440
187.1069 1173.4968 80.2778 116.4028 1441
195.2348 1133.5210 84.2917 116.4028 1442
203.4318 1093.6906 88.3056 116.4028 1443
211.6561 1053.9515 92.3194 116.4028 1444
219.9088 1014.3270 96.3333 116.4028 1445
228.1954 974.8312 100.3472 116.4028 1446
236.4755 935.4284 104.3611 116.4028 1447
252.9903 856.9851 112.3889 116.4028 1449
261.2566 818.2856 116.4028 116.4028 1450
157.2265 1541.9979 44.1528 120.4167 1481
165.2889 1501.4850 48.1667 120.4167 1482
173.2968 1461.1057 52.1806 120.4167 1483
181.2847 1420.8185 56.1944 120.4167 1484
189.2776 1380.5648 60.2083 120.4167 1485
197.2570 1340.3783 64.2222 120.4167 1486
205.2489 1300.2416 68.2361 120.4167 1487
213.2393 1260.2113 72.2500 120.4167 1488
221.2646 1220.2549 76.2639 120.4167 1489
229.2649 1180.3602 80.2778 120.4167 1490
237.2923 1140.5431 84.2917 120.4167 1491
245.3952 1100.8740 88.3056 120.4167 1492
253.5171 1061.2748 92.3194 120.4167 1493
261.6520 1021.7891 96.3333 120.4167 1494
269.8429 982.4407 100.3472 120.4167 1495
278.0176 943.1748 104.3611 120.4167 1496
286.1777 904.0474 108.3750 120.4167 1497
294.3378 865.0455 112.3889 120.4167 1498
302.4813 826.3223 116.4028 120.4167 1499
310.7158 787.8143 120.4167 120.4167 1500
318.5880 749.6172 124.4306 120.4167 1501
192.0136 1587.6854 40.1389 124.4306 1529
199.9596 1547.2684 44.1528 124.4306 1530
207.8467 1506.9985 48.1667 124.4306 1531
215.7350 1466.8123 52.1806 124.4306 1532
223.6410 1426.6697 56.1944 124.4306 1533
231.5442 1386.5753 60.2083 124.4306 1534
239.4511 1346.5447 64.2222 124.4306 1535
247.3447 1306.5781 68.2361 124.4306 1536
255.2453 1266.7068 72.2500 124.4306 1537
263.1690 1226.9132 76.2639 124.4306 1538
271.0850 1187.1636 80.2778 124.4306 1539
279.0190 1147.5162 84.2917 124.4306 1540
287.0205 1108.0021 88.3056 124.4306 1541
295.0543 1068.5552 92.3194 124.4306 1542
303.0903 1029.2122 96.3333 124.4306 1543
311.1735 989.9999 100.3472 124.4306 1544
319.2465 950.8927 104.3611 124.4306 1545
327.3120 911.8945 108.3750 124.4306 1546
335.3618 873.0235 112.3889 124.4306 1547
343.4115 834.4261 116.4028 124.4306 1548
351.4935 795.9120 120.4167 124.4306 1549
359.7444 757.8300 124.4306 124.4306 1550
234.4320 1592.7468 40.1389 128.4444 1578
242.2461 1552.5566 44.1528 128.4444 1579
250.0054 1512.4758 48.1667 128.4444 1580
257.8135 1472.4452 52.1806 128.4444 1581
265.6361 1432.4757 56.1944 128.4444 1582
273.4695 1392.5408 60.2083 128.4444 1583
281.2772 1352.6650 64.2222 128.4444 1584
289.0731 1312.8616 68.2361 128.4444 1585
296.8976 1273.1383 72.2500 128.4444 1586
304.7430 1233.5078 76.2639 128.4444 1587
312.5622 1193.9296 80.2778 128.4444 1588
320.4150 1154.4291 84.2917 128.4444 1589
328.3186 1115.0647 88.3056 128.4444 1590
336.2582 1075.7789 92.3194 128.4444 1591
344.1888 1036.5861 96.3333 128.4444 1592
352.1772 997.5209 100.3472 128.4444 1593
360.1484 958.5449 104.3611 128.4444 1594
368.1001 919.6824 108.3750 128.4444 1595
376.0448 880.9644 112.3889 128.4444 1596
383.9980 842.4813 116.4028 128.4444 1597
391.9832 804.0800 120.4167 128.4444 1598
399.9967 765.8636 124.4306 128.4444 1599
284.0381 1557.8119 44.1528 132.4583 1628
291.7266 1517.8757 48.1667 132.4583 1629
299.4642 1478.0074 52.1806 132.4583 1630
307.2105 1438.1935 56.1944 132.4583 1631
314.9521 1398.4380 60.2083 132.4583 1632
322.6677 1358.7190 64.2222 132.4583 1633
330.3906 1319.0607 68.2361 132.4583 1634
338.1209 1279.5101 72.2500 132.4583 1635
345.8857 1240.0287 76.2639 132.4583 1636
353.6155 1200.6014 80.2778 132.4583 1637
361.3789 1161.2738 84.2917 132.4583 1638
408.4916 927.4190 108.3750 132.4583 1639
416.3490 888.8276 112.3889 132.4583 1640
424.1856 850.4822 116.4028 132.4583 1641
432.0592 812.2055 120.4167 132.4583 1642
439.9519 774.0965 124.4306 132.4583 1643
447.8834 736.4645 128.4444 132.4583 1644
318.0162 1602.8113 40.1389 136.4722 1671
325.6158 1563.0017 44.1528 136.4722 1672
333.2261 1523.2301 48.1667 136.4722 1673
340.8878 1483.5204 52.1806 136.4722 1674
348.5522 1443.8933 56.1944 136.4722 1675
356.1994 1404.2874 60.2083 136.4722 1676
363.8459 1364.7338 64.2222 136.4722 1677
371.4763 1325.2379 68.2361 136.4722 1678
379.1179 1285.8345 72.2500 136.4722 1679
386.7998 1246.5100 76.2639 136.4722 1680
394.4439 1207.2502 80.2778 136.4722 1681
402.1164 1168.0726 84.2917 136.4722 1682
448.6806 935.0981 108.3750 136.4722 1683
456.4370 896.6522 112.3889 136.4722 1684
464.1723 858.4542 116.4028 136.4722 1685
471.9409 820.3092 120.4167 136.4722 1686
479.7032 782.3106 124.4306 136.4722 1687
487.5826 744.5513 128.4444 136.4722 1688
495.8506 707.6213 132.4583 136.4722 1689
359.3341 1607.7667 40.1389 140.4861 1715
366.8557 1568.1221 44.1528 140.4861 1716
374.3948 1528.5208 48.1667 140.4861 1717
381.9598 1488.9865 52.1806 140.4861 1718
389.5465 1449.5133 56.1944 140.4861 1719
397.1164 1410.0801 60.2083 140.4861 1720
404.6759 1370.6914 64.2222 140.4861 1721
412.2226 1331.3616 68.2361 140.4861 1722
419.7857 1292.1033 72.2500 140.4861 1723
427.3773 1252.9388 76.2639 140.4861 1724
434.9410 1213.8336 80.2778 140.4861 1725
442.5228 1174.8148 84.2917 140.4861 1726
488.5558 942.7453 108.3750 140.4861 1727
496.2118 904.4465 112.3889 140.4861 1728
503.8536 866.3790 116.4028 140.4861 1729
511.5289 828.3662 120.4167 140.4861 1730
519.1844 790.4877 124.4306 140.4861 1731
526.9179 752.8511 128.4444 140.4861 1732
534.9327 715.8084 132.4583 140.4861 1733
377.4649 1731.5627 28.0972 144.5000 1756
385.4224 1691.7524 32.1111 144.5000 1757
392.8815 1652.1327 36.1250 144.5000 1758
400.3000 1612.6605 40.1389 144.5000 1759
407.7573 1573.1851 44.1528 144.5000 1760
415.2010 1533.7545 48.1667 144.5000 1761
422.6969 1494.3878 52.1806 144.5000 1762
430.1994 1455.0746 56.1944 144.5000 1763
437.6931 1415.8157 60.2083 144.5000 1764
445.1692 1376.5844 64.2222 144.5000 1765
452.6414 1337.4163 68.2361 144.5000 1766
460.1252 1298.3275 72.2500 144.5000 1767
467.6299 1259.3096 76.2639 144.5000 1768
475.0984 1220.3710 80.2778 144.5000 1769
482.5994 1181.4958 84.2917 144.5000 1770
528.1133 950.3473 108.3750 144.5000 1771
535.6777 912.1677 112.3889 144.5000 1772
543.2236 874.2324 116.4028 144.5000 1773
550.8017 836.3676 120.4167 144.5000 1774
558.3612 798.6198 124.4306 144.5000 1775
565.9830 761.0922 128.4444 144.5000 1776
573.7292 724.0141 132.4583 144.5000 1777
418.4256 1735.7308 28.0972 148.5139 1800
426.2298 1696.1611 32.1111 148.5139 1801
433.5762 1656.7861 36.1250 148.5139 1802
440.9273 1617.4825 40.1389 148.5139 1803
448.3067 1578.1774 44.1528 148.5139 1804
455.6905 1538.9374 48.1667 148.5139 1805
463.0966 1499.7194 52.1806 148.5139 1806
470.5271 1460.5776 56.1944 148.5139 1807
477.9436 1421.4730 60.2083 148.5139 1808
485.3490 1382.4138 64.2222 148.5139 1809
492.7461 1343.4059 68.2361 148.5139 1810
500.1356 1304.4802 72.2500 148.5139 1811
507.5458 1265.6206 76.2639 148.5139 1812
514.9406 1226.8423 80.2778 148.5139 1813
522.3574 1188.1184 84.2917 148.5139 1814
567.3639 957.8658 108.3750 148.5139 1815
574.8359 919.8491 112.3889 148.5139 1816
582.2900 882.0475 116.4028 148.5139 1817
589.7635 844.3183 120.4167 148.5139 1818
597.2201 806.7054 124.4306 148.5139 1819
612.2606 732.2217 132.4583 148.5139 1821
466.7071 1700.4984 32.1111 152.5278 1845
473.9503 1661.3763 36.1250 152.5278 1846
481.2172 1622.2388 40.1389 152.5278 1847
488.5271 1583.1079 44.1528 152.5278 1848
495.8382 1544.0352 48.1667 152.5278 1849
503.1674 1504.9987 52.1806 152.5278 1850
510.5255 1466.0214 56.1944 152.5278 1851
517.8660 1427.0750 60.2083 152.5278 1852
525.1866 1388.1654 64.2222 152.5278 1853
532.5091 1349.3407 68.2361 152.5278 1854
539.8268 1310.5717 72.2500 152.5278 1855
547.1494 1271.8826 76.2639 152.5278 1856
554.4664 1233.2415 80.2778 152.5278 1857
561.8058 1194.6860 84.2917 152.5278 1858
569.1860 1156.2585 88.3056 152.5278 1859
576.6013 1117.8833 92.3194 152.5278 1860
584.0180 1079.6073 96.3333 152.5278 1861
591.4719 1041.4414 100.3472 152.5278 1862
598.9061 1003.3271 104.3611 152.5278 1863
606.3007 965.3364 108.3750 152.5278 1864
613.6772 927.4677 112.3889 152.5278 1865
621.0376 889.8066 116.4028 152.5278 1866
628.4335 852.2104 120.4167 152.5278 1867
635.7822 814.7520 124.4306 152.5278 1868
643.1711 777.4781 128.4444 152.5278 1869
650.6267 740.5471 132.4583 152.5278 1870
506.7917 1704.8209 32.1111 156.5417 1894
513.9714 1665.8793 36.1250 156.5417 1895
521.1743 1626.9397 40.1389 156.5417 1896
528.4271 1587.9845 44.1528 156.5417 1897
535.6568 1549.0781 48.1667 156.5417 1898
542.9202 1510.2145 52.1806 156.5417 1899
550.1960 1471.4158 56.1944 156.5417 1900
557.4611 1432.6284 60.2083 156.5417 1901
564.7108 1393.8934 64.2222 156.5417 1902
571.9536 1355.2162 68.2361 156.5417 1903
579.1766 1316.6095 72.2500 156.5417 1904
586.4377 1278.0616 76.2639 156.5417 1905
593.6649 1239.5835 80.2778 156.5417 1906
600.9368 1201.1907 84.2917 156.5417 1907
608.2407 1162.9203 88.3056 156.5417 1908
615.5733 1124.6935 92.3194 156.5417 1909
622.9133 1086.5648 96.3333 156.5417 1910
630.2833 1048.5427 100.3472 156.5417 1911
637.6175 1010.5846 104.3611 156.5417 1912
644.9340 972.7267 108.3750 156.5417 1913
652.2209 935.0164 112.3889 156.5417 1914
659.4946 897.4954 116.4028 156.5417 1915
666.7917 860.0469 120.4167 156.5417 1916
674.0424 822.7343 124.4306 156.5417 1917
681.3438 785.6023 128.4444 156.5417 1918
688.6611 748.7589 132.4583 156.5417 1919
539.1135 1747.9855 28.0972 160.5556 1942
546.5621 1709.0464 32.1111 160.5556 1943
553.6328 1670.3114 36.1250 160.5556 1944
560.7882 1631.5449 40.1389 160.5556 1945
567.9621 1592.7897 44.1528 160.5556 1946
575.1248 1554.0637 48.1667 160.5556 1947
582.3278 1515.3861 52.1806 160.5556 1948
589.5261 1476.7407 56.1944 160.5556 1949
596.7178 1438.1179 60.2083 160.5556 1950
603.9054 1399.5453 64.2222 160.5556 1951
611.0624 1361.0422 68.2361 160.5556 1952
618.2266 1322.5836 72.2500 160.5556 1953
625.4125 1284.2056 76.2639 160.5556 1954
632.5587 1245.8802 80.2778 160.5556 1955
639.7455 1207.6284 84.2917 160.5556 1956
646.9741 1169.5167 88.3056 160.5556 1957
654.2271 1131.4485 92.3194 160.5556 1958
661.4780 1093.4668 96.3333 160.5556 1959
668.7634 1055.5824 100.3472 160.5556 1960
676.0209 1017.7852 104.3611 160.5556 1961
683.2448 980.0822 108.3750 160.5556 1962
690.4521 942.5096 112.3889 160.5556 1963
697.6263 905.1338 116.4028 160.5556 1964
704.8281 867.8403 120.4167 160.5556 1965
711.9888 830.6582 124.4306 160.5556 1966
578.5768 1751.9552 28.0972 164.5694 1991
585.9338 1713.2727 32.1111 164.5694 1992
592.9967 1674.6714 36.1250 164.5694 1993
600.0809 1636.0994 40.1389 164.5694 1994
607.1889 1597.5295 44.1528 164.5694 1995
614.2944 1558.9821 48.1667 164.5694 1996
621.4379 1520.4778 52.1806 164.5694 1997
628.5708 1482.0116 56.1944 164.5694 1998
635.6962 1443.5624 60.2083 164.5694 1999
642.8021 1405.1495 64.2222 164.5694 2000
649.9023 1366.8176 68.2361 164.5694 2001
656.9918 1328.5134 72.2500 164.5694 2002
664.0870 1290.2987 76.2639 164.5694 2003
671.1712 1252.1121 80.2778 164.5694 2004
678.2819 1214.0237 84.2917 164.5694 2005
685.4360 1176.0566 88.3056 164.5694 2006
692.6049 1138.1393 92.3194 164.5694 2007
699.7861 1100.3157 96.3333 164.5694 2008
706.9785 1062.5775 100.3472 164.5694 2009
714.1519 1024.9340 104.3611 164.5694 2010
721.2912 987.3791 108.3750 164.5694 2011
728.4014 949.9633 112.3889 164.5694 2012
735.4889 912.7236 116.4028 164.5694 2013
742.5889 875.5688 120.4167 164.5694 2014
749.6564 838.5468 124.4306 164.5694 2015
617.6251 1755.9966 28.0972 168.5833 2040
625.0179 1717.4225 32.1111 168.5833 2041
632.0053 1678.9623 36.1250 168.5833 2042
639.0479 1640.5835 40.1389 168.5833 2043
646.0964 1602.1996 44.1528 168.5833 2044
653.1392 1563.8378 48.1667 168.5833 2045
660.2214 1525.4988 52.1806 168.5833 2046
667.2947 1487.2162 56.1944 168.5833 2047
674.3632 1448.9436 60.2083 168.5833 2048
681.4058 1410.6909 64.2222 168.5833 2049
688.4295 1372.5176 68.2361 168.5833 2050
695.4529 1334.3875 72.2500 168.5833 2051
702.4877 1296.3256 76.2639 168.5833 2052
709.4992 1258.3032 80.2778 168.5833 2053
716.5193 1220.3672 84.2917 168.5833 2054
723.5948 1182.5464 88.3056 168.5833 2055
730.6911 1144.7771 92.3194 168.5833 2056
737.7883 1107.1001 96.3333 168.5833 2057
744.9061 1069.5254 100.3472 168.5833 2058
751.9858 1032.0255 104.3611 168.5833 2059
759.0380 994.6213 108.3750 168.5833 2060
766.0562 957.3578 112.3889 168.5833 2061
773.0539 920.2751 116.4028 168.5833 2062
780.0569 883.2621 120.4167 168.5833 2063
787.0280 846.3842 124.4306 168.5833 2064
794.0410 809.7139 128.4444 168.5833 2065
663.6836 1721.5178 32.1111 172.5972 2090
677.6778 1645.0028 40.1389 172.5972 2092
684.6871 1606.8048 44.1528 172.5972 2093
691.6721 1568.6217 48.1667 172.5972 2094
698.6889 1530.4738 52.1806 172.5972 2095
705.7051 1492.3708 56.1944 172.5972 2096
712.7021 1454.2513 60.2083 172.5972 2097
719.6715 1416.1748 64.2222 172.5972 2098
726.6380 1378.1541 68.2361 172.5972 2099
733.5906 1340.1847 72.2500 172.5972 2100
740.5589 1302.2848 76.2639 172.5972 2101
747.5029 1264.4351 80.2778 172.5972 2102
754.4570 1226.6411 84.2917 172.5972 2103
761.4568 1188.9823 88.3056 172.5972 2104
768.4788 1151.3636 92.3194 172.5972 2105
775.4953 1113.8394 96.3333 172.5972 2106
782.5156 1076.4209 100.3472 172.5972 2107
789.5244 1039.0631 104.3611 172.5972 2108
796.4886 1001.8203 108.3750 172.5972 2109
803.4258 964.6820 112.3889 172.5972 2110
810.3284 927.7644 116.4028 172.5972 2111
817.2278 890.9083 120.4167 172.5972 2112
824.0980 854.1678 124.4306 172.5972 2113
831.0206 817.6890 128.4444 172.5972 2114
702.0488 1725.4200 32.1111 176.6111 2139
709.0152 1687.3234 36.1250 176.6111 2140
715.9928 1649.3386 40.1389 176.6111 2141
722.9419 1611.3462 44.1528 176.6111 2142
729.8783 1573.3489 48.1667 176.6111 2143
736.8367 1535.3762 52.1806 176.6111 2144
743.8005 1497.4518 56.1944 176.6111 2145
750.7407 1459.5121 60.2083 176.6111 2146
757.6354 1421.6024 64.2222 176.6111 2147
764.5411 1383.7426 68.2361 176.6111 2148
771.4367 1345.9412 72.2500 176.6111 2149
778.3302 1308.1877 76.2639 176.6111 2150
785.1897 1270.4972 80.2778 176.6111 2151
792.0756 1232.8734 84.2917 176.6111 2152
799.0078 1195.3561 88.3056 176.6111 2153
805.9600 1157.8882 92.3194 176.6111 2154
812.8932 1120.5205 96.3333 176.6111 2155
819.8367 1083.2438 100.3472 176.6111 2156
826.7540 1046.0439 104.3611 176.6111 2157
833.6276 1008.9617 108.3750 176.6111 2158
840.4797 971.9830 112.3889 176.6111 2159
847.2864 935.2050 116.4028 176.6111 2160
854.0858 898.4938 120.4167 176.6111 2161
746.9315 1691.4579 36.1250 180.6250 2189
753.9432 1653.5491 40.1389 180.6250 2190
760.8397 1615.7841 44.1528 180.6250 2191
767.7297 1577.9845 48.1667 180.6250 2192
774.6440 1540.1912 52.1806 180.6250 2193
781.5505 1502.4569 56.1944 180.6250 2194
788.4455 1464.6935 60.2083 180.6250 2195
795.2905 1426.9698 64.2222 180.6250 2196
802.1234 1389.2618 68.2361 180.6250 2197
808.9531 1351.6235 72.2500 180.6250 2198
815.7820 1314.0392 76.2639 180.6250 2199
822.5745 1276.5082 80.2778 180.6250 2200
829.3981 1239.0254 84.2917 180.6250 2201
836.2510 1201.6625 88.3056 180.6250 2202
843.1135 1164.3583 92.3194 180.6250 2203
849.9709 1127.1476 96.3333 180.6250 2204
856.8366 1090.0228 100.3472 180.6250 2205
863.6656 1052.9768 104.3611 180.6250 2206
870.4677 1016.0333 108.3750 180.6250 2207
877.2185 979.2217 112.3889 180.6250 2208
883.9311 942.5965 116.4028 180.6250 2209
890.6398 906.0468 120.4167 180.6250 2210
784.5023 1695.3317 36.1250 184.6389 2238
791.5240 1657.7444 40.1389 184.6389 2239
798.3995 1620.1499 44.1528 184.6389 2240
805.2408 1582.5480 48.1667 184.6389 2241
812.1072 1544.9535 52.1806 184.6389 2242
818.9799 1507.3802 56.1944 184.6389 2243
825.8063 1469.8064 60.2083 184.6389 2244
832.6013 1432.2572 64.2222 184.6389 2245
839.3850 1394.7216 68.2361 184.6389 2246
846.1374 1357.2504 72.2500 184.6389 2247
852.9214 1319.8293 76.2639 184.6389 2248
859.6387 1282.4519 80.2778 184.6389 2249
866.3948 1245.1270 84.2917 184.6389 2250
873.1661 1207.9318 88.3056 184.6389 2251
879.9619 1170.7778 92.3194 184.6389 2252
886.7265 1133.7168 96.3333 184.6389 2253
893.5175 1096.7410 100.3472 184.6389 2254
900.2646 1059.8483 104.3611 184.6389 2255
906.9680 1023.0593 108.3750 184.6389 2256
913.6229 986.4080 112.3889 184.6389 2257
920.2395 949.9474 116.4028 184.6389 2258
835.5897 1624.4205 44.1528 188.6528 2289
842.4057 1587.0344 48.1667 188.6528 2290
849.2203 1549.6150 52.1806 188.6528 2291
856.0402 1512.2319 56.1944 188.6528 2292
862.8280 1474.8458 60.2083 188.6528 2293
869.5682 1437.4708 64.2222 188.6528 2294
876.3069 1400.1035 68.2361 188.6528 2295
883.0071 1362.8018 72.2500 188.6528 2296
889.7088 1325.5399 76.2639 188.6528 2297
896.3770 1288.3334 80.2778 188.6528 2298
903.0482 1251.1720 84.2917 188.6528 2299
909.7573 1214.1254 88.3056 188.6528 2300
916.4708 1177.1279 92.3194 188.6528 2301
923.1642 1140.2273 96.3333 188.6528 2302
929.8766 1103.4160 100.3472 188.6528 2303
936.5386 1066.6609 104.3611 188.6528 2304
943.1460 1030.0400 108.3750 188.6528 2305
949.7069 993.5501 112.3889 188.6528 2306
872.4602 1628.5912 44.1528 192.6667 2338
879.1981 1591.4150 48.1667 192.6667 2339
885.9824 1554.2123 52.1806 192.6667 2340
892.7412 1517.0067 56.1944 192.6667 2341
899.4852 1479.7977 60.2083 192.6667 2342
906.1889 1442.5951 64.2222 192.6667 2343
912.8593 1405.4231 68.2361 192.6667 2344
919.5070 1368.2819 72.2500 192.6667 2345
926.1436 1331.1842 76.2639 192.6667 2346
932.7512 1294.1315 80.2778 192.6667 2347
939.3644 1257.1449 84.2917 192.6667 2348
945.9973 1220.2651 88.3056 192.6667 2349
952.6302 1183.4386 92.3194 192.6667 2350
959.2663 1146.6779 96.3333 192.6667 2351
965.8928 1110.0251 100.3472 192.6667 2352
972.4614 1073.4440 104.3611 192.6667 2353
978.9774 1036.9706 108.3750 192.6667 2354
909.0660 1633.3600 44.1528 196.6806 2387
915.5555 1595.7971 48.1667 196.6806 2388
922.4151 1558.6790 52.1806 196.6806 2389
935.8007 1484.6709 60.2083 196.6806 2391
942.4612 1447.6456 64.2222 196.6806 2392
949.0707 1410.6522 68.2361 196.6806 2393
955.6611 1373.6815 72.2500 196.6806 2394
962.2538 1336.7596 76.2639 196.6806 2395
968.7956 1299.8895 80.2778 196.6806 2396
975.3432 1263.0579 84.2917 196.6806 2397
981.9145 1226.3451 88.3056 196.6806 2398
988.4806 1189.6602 92.3194 196.6806 2399
995.0181 1153.0707 96.3333 196.6806 2400
1001.5633 1116.5739 100.3472 196.6806 2401
1008.0444 1080.1489 104.3611 196.6806 2402
971.7332 1489.4236 60.2083 200.6944 2440
991.4612 1379.0104 72.2500 200.6944 2443
997.9949 1342.2623 76.2639 200.6944 2444
1004.4723 1305.5488 80.2778 200.6944 2445
1010.9561 1268.8975 84.2917 200.6944 2446
1017.4567 1232.3468 88.3056 200.6944 2447
1023.9499 1195.8262 92.3194 200.6944 2448
1007.0098 1493.8322 60.2083 204.7083 2489
1013.8335 1457.4045 64.2222 204.7083 2490
1020.3703 1420.7640 68.2361 204.7083 2491
1026.8539 1384.1750 72.2500 204.7083 2492
1059.0491 1201.8314 92.3194 204.7083 2497
1055.3253 1425.6151 68.2361 208.7222 2540
1061.7380 1388.8442 72.2500 208.7222 2541
1068.1278 1352.9216 76.2639 208.7222 2542
1074.4548 1316.3857 80.2778 208.7222 2543
1080.8136 1280.0162 84.2917 208.7222 2544
1086.8949 1243.8672 88.3056 208.7222 2545
1093.1693 1207.3732 92.3194 208.7222 2546
