611.0682 1740.0087 64.2222 84.2917 1045
621.5010 1700.5072 68.2361 84.2917 1046
628.1060 1828.2334 56.1944 88.3056 1092
638.3319 1788.3394 60.2083 88.3056 1093
648.5573 1748.7677 64.2222 88.3056 1094
658.7582 1709.4393 68.2361 88.3056 1095
678.9941 1631.4944 76.2639 88.3056 1097
689.0110 1592.8489 80.2778 88.3056 1098
699.0359 1554.4159 84.2917 88.3056 1099
709.0214 1516.2926 88.3056 88.3056 1100
665.9407 1837.2747 56.1944 92.3194 1141
686.2545 1757.8312 64.2222 92.3194 1143
696.3200 1718.4524 68.2361 92.3194 1144
706.3301 1679.3168 72.2500 92.3194 1145
716.3210 1640.4106 76.2639 92.3194 1146
726.2366 1601.6804 80.2778 92.3194 1147
736.1344 1563.2039 84.2917 92.3194 1148
746.0316 1525.0105 88.3056 92.3194 1149
703.9321 1846.4480 56.1944 96.3333 1190
714.0082 1806.5681 60.2083 96.3333 1191
724.0314 1766.9237 64.2222 96.3333 1192
734.0085 1727.4872 68.2361 96.3333 1193
743.9212 1688.2991 72.2500 96.3333 1194
753.8109 1649.3270 76.2639 96.3333 1195
763.6144 1610.5463 80.2778 96.3333 1196
773.4174 1571.9993 84.2917 96.3333 1197
783.2029 1533.7263 88.3056 96.3333 1198
792.9830 1495.6606 92.3194 96.3333 1199
802.6984 1457.8529 96.3333 96.3333 1200
711.7318 1976.8855 44.1528 100.3472 1236
721.8947 1936.1801 48.1667 100.3472 1237
731.9769 1895.7953 52.1806 100.3472 1238
742.0233 1855.6617 56.1944 100.3472 1239
752.0129 1815.7354 60.2083 100.3472 1240
761.9402 1776.0166 64.2222 100.3472 1241
771.8148 1736.5204 68.2361 100.3472 1242
781.6166 1697.2749 72.2500 100.3472 1243
791.4135 1658.2476 76.2639 100.3472 1244
801.1223 1619.4121 80.2778 100.3472 1245
810.8151 1580.8000 84.2917 100.3472 1246
820.4830 1542.4712 88.3056 100.3472 1247
830.1367 1504.3380 92.3194 100.3472 1248
839.7484 1466.4551 96.3333 100.3472 1249
849.3484 1428.8010 100.3472 100.3472 1250
858.8890 1391.3792 104.3611 100.3472 1251
750.2535 1986.2239 44.1528 104.3611 1285
760.2810 1945.5150 48.1667 104.3611 1286
770.2811 1905.0663 52.1806 104.3611 1287
780.2323 1864.8805 56.1944 104.3611 1288
790.1190 1824.8948 60.2083 104.3611 1289
799.9534 1785.1005 64.2222 104.3611 1290
809.7198 1745.5552 68.2361 104.3611 1291
819.4385 1706.2443 72.2500 104.3611 1292
829.1140 1667.1533 76.2639 104.3611 1293
838.7292 1628.2708 80.2778 104.3611 1294
848.3046 1589.5963 84.2917 104.3611 1295
857.8749 1551.2122 88.3056 104.3611 1296
867.4160 1513.0200 92.3194 104.3611 1297
876.9135 1475.0670 96.3333 104.3611 1298
886.3889 1437.3606 100.3472 104.3611 1299
895.8027 1399.8561 104.3611 104.3611 1300
905.1349 1362.5892 108.3750 104.3611 1301
788.8106 1995.6151 44.1528 108.3750 1334
798.7488 1954.8488 48.1667 108.3750 1335
808.6494 1914.3394 52.1806 108.3750 1336
818.5161 1874.0724 56.1944 108.3750 1337
828.3207 1834.0266 60.2083 108.3750 1338
838.0370 1794.1917 64.2222 108.3750 1339
847.7065 1754.5739 68.2361 108.3750 1340
857.3244 1715.2090 72.2500 108.3750 1341
866.8972 1676.0654 76.2639 108.3750 1342
876.4026 1637.1228 80.2778 108.3750 1343
885.8637 1598.4106 84.2917 108.3750 1344
895.3251 1559.9637 88.3056 108.3750 1345
904.7532 1521.7050 92.3194 108.3750 1346
914.1283 1483.6908 96.3333 108.3750 1347
923.4982 1445.9265 100.3472 108.3750 1348
932.7964 1408.3547 104.3611 108.3750 1349
942.0244 1371.0148 108.3750 108.3750 1350
951.1954 1333.9518 112.3889 108.3750 1351
827.4692 2005.0044 44.1528 112.3889 1383
837.3204 1964.1559 48.1667 112.3889 1384
847.1359 1923.5811 52.1806 112.3889 1385
856.9161 1883.2660 56.1944 112.3889 1386
866.5984 1843.1569 60.2083 112.3889 1387
876.2273 1803.2577 64.2222 112.3889 1388
885.7930 1763.5837 68.2361 112.3889 1389
895.2961 1724.1636 72.2500 112.3889 1390
904.7631 1684.9706 76.2639 112.3889 1391
914.1611 1645.9735 80.2778 112.3889 1392
923.5236 1607.1970 84.2917 112.3889 1393
932.8818 1568.7014 88.3056 112.3889 1394
942.2003 1530.4061 92.3194 112.3889 1395
951.4700 1492.3337 96.3333 112.3889 1396
960.7047 1454.4960 100.3472 112.3889 1397
969.9039 1416.8618 104.3611 112.3889 1398
979.0038 1379.4648 108.3750 112.3889 1399
988.0530 1342.3153 112.3889 112.3889 1400
997.0447 1305.5127 116.4028 112.3889 1401
866.2183 2014.3683 44.1528 116.4028 1432
875.9742 1973.4680 48.1667 116.4028 1433
885.6874 1932.8231 52.1806 116.4028 1434
895.3696 1892.4406 56.1944 116.4028 1435
904.9681 1852.2693 60.2083 116.4028 1436
914.4875 1812.3192 64.2222 116.4028 1437
923.9507 1772.5865 68.2361 116.4028 1438
933.3549 1733.1075 72.2500 116.4028 1439
942.7105 1693.8575 76.2639 116.4028 1440
952.0055 1654.8118 80.2778 116.4028 1441
961.2521 1615.9882 84.2917 116.4028 1442
970.4891 1577.4406 88.3056 116.4028 1443
979.7145 1539.0809 92.3194 116.4028 1444
988.8788 1500.9622 96.3333 116.4028 1445
998.0057 1463.0631 100.3472 116.4028 1446
1007.0682 1425.3813 104.3611 116.4028 1447
1016.0620 1387.9189 108.3750 116.4028 1448
1024.9928 1350.7002 112.3889 116.4028 1449
1033.8583 1313.8389 116.4028 116.4028 1450
905.0624 2023.7223 44.1528 120.4167 1481
914.7145 1982.7546 48.1667 120.4167 1482
924.3390 1942.0347 52.1806 120.4167 1483
933.9092 1901.5911 56.1944 120.4167 1484
943.4051 1861.3627 60.2083 120.4167 1485
952.8282 1821.3569 64.2222 120.4167 1486
962.1773 1781.5682 68.2361 120.4167 1487
971.4792 1742.0375 72.2500 120.4167 1488
980.7432 1702.7361 76.2639 120.4167 1489
989.9295 1663.6381 80.2778 120.4167 1490
999.0601 1624.7693 84.2917 120.4167 1491
1008.1940 1586.1609 88.3056 120.4167 1492
1017.2936 1547.7559 92.3194 120.4167 1493
1026.3473 1509.5809 96.3333 120.4167 1494
1035.3615 1471.6350 100.3472 120.4167 1495
1044.3180 1433.8959 104.3611 120.4167 1496
1053.1853 1396.3762 108.3750 120.4167 1497
1062.0016 1359.1000 112.3889 120.4167 1498
1070.7446 1322.1722 116.4028 120.4167 1499
1079.4664 1285.4360 120.4167 120.4167 1500
953.5389 1992.0273 48.1667 124.4306 1531
963.0601 1951.2356 52.1806 124.4306 1532
972.5217 1910.7349 56.1944 124.4306 1533
981.9260 1870.4463 60.2083 124.4306 1534
991.2440 1830.3806 64.2222 124.4306 1535
1000.4901 1790.5409 68.2361 124.4306 1536
1009.6829 1750.9594 72.2500 124.4306 1537
1018.8391 1711.6052 76.2639 124.4306 1538
1027.9143 1672.4592 80.2778 124.4306 1539
1036.9354 1633.5369 84.2917 124.4306 1540
1045.9528 1594.8907 88.3056 124.4306 1541
1054.9456 1556.4266 92.3194 124.4306 1542
1063.8752 1518.1986 96.3333 124.4306 1543
1072.7802 1480.2021 100.3472 124.4306 1544
1081.6151 1442.4154 104.3611 124.4306 1545
1090.3860 1404.8346 108.3750 124.4306 1546
1099.0704 1367.5059 112.3889 124.4306 1547
1107.6917 1330.5134 116.4028 124.4306 1548
1116.2933 1293.7092 120.4167 124.4306 1549
992.4297 2001.2628 48.1667 128.4444 1580
1001.8481 1960.4208 52.1806 128.4444 1581
1011.1949 1919.8527 56.1944 128.4444 1582
1020.4891 1879.4978 60.2083 128.4444 1583
1029.6954 1839.3765 64.2222 128.4444 1584
1038.8362 1799.4885 68.2361 128.4444 1585
1047.9137 1759.8540 72.2500 128.4444 1586
1056.9635 1720.4503 76.2639 128.4444 1587
1065.9227 1681.2516 80.2778 128.4444 1588
1074.8431 1642.2885 84.2917 128.4444 1589
1083.7396 1603.5841 88.3056 128.4444 1590
1092.6108 1565.0719 92.3194 128.4444 1591
1101.4392 1526.8092 96.3333 128.4444 1592
1110.2361 1488.7570 100.3472 128.4444 1593
1118.9623 1450.9065 104.3611 128.4444 1594
1127.6022 1413.2928 108.3750 128.4444 1595
1136.1788 1375.9148 112.3889 128.4444 1596
1144.6696 1338.8789 116.4028 128.4444 1597
1153.1503 1302.0040 120.4167 128.4444 1598
1161.5668 1265.3722 124.4306 128.4444 1599
1031.2832 2010.4641 48.1667 132.4583 1629
1040.5812 1969.5522 52.1806 132.4583 1630
1049.8386 1928.9220 56.1944 132.4583 1631
1059.0114 1888.5142 60.2083 132.4583 1632
1068.1056 1848.3380 64.2222 132.4583 1633
1077.1378 1808.4094 68.2361 132.4583 1634
1086.1093 1768.6904 72.2500 132.4583 1635
1095.0413 1729.2592 76.2639 132.4583 1636
1103.8964 1690.0171 80.2778 132.4583 1637
1112.6949 1650.9967 84.2917 132.4583 1638
1164.7983 1421.7135 108.3750 132.4583 1639
1173.2435 1384.2924 112.3889 132.4583 1640
1181.6310 1347.1962 116.4028 132.4583 1641
1189.9834 1310.2770 120.4167 132.4583 1642
1198.2612 1273.5909 124.4306 132.4583 1643
1070.2830 2019.6450 48.1667 136.4722 1673
1079.4875 1978.6818 52.1806 136.4722 1674
1088.6184 1938.0037 56.1944 136.4722 1675
1097.6952 1897.5382 60.2083 136.4722 1676
1106.6769 1857.3076 64.2222 136.4722 1677
1115.5896 1817.3196 68.2361 136.4722 1678
1124.4568 1777.5642 72.2500 136.4722 1679
1133.2697 1738.0587 76.2639 136.4722 1680
1142.0002 1698.7755 80.2778 136.4722 1681
1150.6974 1659.7079 84.2917 136.4722 1682
1202.1108 1430.1467 108.3750 136.4722 1683
1210.4552 1392.6840 112.3889 136.4722 1684
1218.7106 1355.5411 116.4028 136.4722 1685
1226.9438 1318.5719 120.4167 136.4722 1686
1235.0879 1281.8528 124.4306 136.4722 1687
1118.4276 1987.7941 52.1806 140.4861 1718
1127.4565 1947.0504 56.1944 140.4861 1719
1136.4204 1906.5355 60.2083 140.4861 1720
1145.2863 1866.2494 64.2222 140.4861 1721
1154.0768 1826.2067 68.2361 140.4861 1722
1162.8315 1786.4169 72.2500 140.4861 1723
1171.5312 1746.8549 76.2639 140.4861 1724
1180.1459 1707.5170 80.2778 140.4861 1725
1188.7313 1668.4150 84.2917 140.4861 1726
1239.4663 1438.5690 108.3750 140.4861 1727
1247.6779 1401.0724 112.3889 140.4861 1728
1255.8247 1363.8890 116.4028 140.4861 1729
1263.9302 1326.8728 120.4167 140.4861 1730
1271.9514 1290.0935 124.4306 140.4861 1731
1157.4258 1996.8862 52.1806 144.5000 1762
1166.3365 1956.0748 56.1944 144.5000 1763
1175.1715 1915.5092 60.2083 144.5000 1764
1183.9381 1875.1782 64.2222 144.5000 1765
1192.6132 1835.0830 68.2361 144.5000 1766
1201.2502 1795.2311 72.2500 144.5000 1767
1209.8403 1755.6233 76.2639 144.5000 1768
1218.3435 1716.2415 80.2778 144.5000 1769
1226.8107 1677.0815 84.2917 144.5000 1770
1276.8422 1446.9934 108.3750 144.5000 1771
1284.9359 1409.4436 112.3889 144.5000 1772
1292.9594 1372.2062 116.4028 144.5000 1773
1300.9432 1335.1511 120.4167 144.5000 1774
1308.8317 1298.3536 124.4306 144.5000 1775
1196.4636 2005.9432 52.1806 148.5139 1806
1205.2573 1965.0826 56.1944 148.5139 1807
1213.9762 1924.4537 60.2083 148.5139 1808
1222.6074 1884.0758 64.2222 148.5139 1809
1231.1824 1843.9407 68.2361 148.5139 1810
1239.6932 1804.0280 72.2500 148.5139 1811
1248.1636 1764.3784 76.2639 148.5139 1812
1256.5477 1724.9489 80.2778 148.5139 1813
1264.9099 1685.7382 84.2917 148.5139 1814
1314.2405 1455.3965 108.3750 148.5139 1815
1322.2126 1417.8088 112.3889 148.5139 1816
1330.0975 1380.5310 116.4028 148.5139 1817
1337.9554 1343.4437 120.4167 148.5139 1818
1345.7180 1306.5879 124.4306 148.5139 1819
1235.5170 2014.9641 52.1806 152.5278 1850
1244.1954 1974.0566 56.1944 152.5278 1851
1252.8004 1933.3804 60.2083 152.5278 1852
1261.3154 1892.9579 64.2222 152.5278 1853
1269.7777 1852.7581 68.2361 152.5278 1854
1278.1677 1812.8163 72.2500 152.5278 1855
1286.5234 1773.1067 76.2639 152.5278 1856
1294.7974 1733.6322 80.2778 152.5278 1857
1303.0311 1694.3800 84.2917 152.5278 1858
1311.2620 1655.4004 88.3056 152.5278 1859
1319.4645 1616.6056 92.3194 152.5278 1860
1327.5942 1578.0637 96.3333 152.5278 1861
1335.6938 1539.7567 100.3472 152.5278 1862
1343.7191 1501.6517 104.3611 152.5278 1863
1351.6434 1463.7828 108.3750 152.5278 1864
1359.4924 1426.1521 112.3889 152.5278 1865
1367.2671 1388.8472 116.4028 152.5278 1866
1374.9886 1351.7202 120.4167 152.5278 1867
1382.6221 1314.8365 124.4306 152.5278 1868
1274.5914 2023.9642 52.1806 156.5417 1899
1283.1528 1983.0138 56.1944 156.5417 1900
1291.6456 1942.2933 60.2083 156.5417 1901
1300.0472 1901.8093 64.2222 156.5417 1902
1308.4030 1861.5645 68.2361 156.5417 1903
1316.6653 1821.5736 72.2500 156.5417 1904
1324.9065 1781.8228 76.2639 156.5417 1905
1333.0504 1742.2927 80.2778 156.5417 1906
1341.1757 1702.9869 84.2917 156.5417 1907
1349.2949 1663.9674 88.3056 156.5417 1908
1357.3767 1625.1333 92.3194 156.5417 1909
1365.3878 1586.5502 96.3333 156.5417 1910
1373.3700 1548.2107 100.3472 156.5417 1911
1381.2639 1510.0643 104.3611 156.5417 1912
1389.0579 1472.1566 108.3750 156.5417 1913
1396.7946 1434.5001 112.3889 156.5417 1914
1404.4349 1397.1520 116.4028 156.5417 1915
1412.0237 1359.9933 120.4167 156.5417 1916
1419.5321 1323.0590 124.4306 156.5417 1917
1322.1169 1991.9340 56.1944 160.5556 1949
1330.5005 1951.1595 60.2083 160.5556 1950
1338.7964 1910.6356 64.2222 160.5556 1951
1347.0145 1870.3561 68.2361 160.5556 1952
1355.1660 1830.3176 72.2500 160.5556 1953
1363.2935 1790.5117 76.2639 160.5556 1954
1371.3311 1750.9353 80.2778 160.5556 1955
1379.3353 1711.5854 84.2917 160.5556 1956
1387.3274 1672.5175 88.3056 160.5556 1957
1395.2837 1633.6461 92.3194 160.5556 1958
1403.1694 1595.0256 96.3333 160.5556 1959
1411.0229 1556.6354 100.3472 160.5556 1960
1418.8041 1518.4668 104.3611 160.5556 1961
1426.4797 1480.5193 108.3750 160.5556 1962
1434.0791 1442.8307 112.3889 160.5556 1963
1441.5863 1405.4518 116.4028 160.5556 1964
1449.0419 1368.2583 120.4167 160.5556 1965
1361.1279 2000.8374 56.1944 164.5694 1998
1369.3939 1960.0270 60.2083 164.5694 1999
1377.5652 1919.4551 64.2222 164.5694 2000
1385.6766 1879.1149 68.2361 164.5694 2001
1393.7161 1839.0315 72.2500 164.5694 2002
1401.7240 1799.1830 76.2639 164.5694 2003
1409.6431 1759.5640 80.2778 164.5694 2004
1417.5186 1720.1715 84.2917 164.5694 2005
1425.3915 1681.0576 88.3056 164.5694 2006
1433.2252 1642.1472 92.3194 164.5694 2007
1440.9919 1603.4886 96.3333 164.5694 2008
1448.7222 1565.0588 100.3472 164.5694 2009
1456.3767 1526.8503 104.3611 164.5694 2010
1463.9354 1488.8704 108.3750 164.5694 2011
1471.4016 1451.1449 112.3889 164.5694 2012
1478.7638 1413.7505 116.4028 164.5694 2013
1486.0880 1376.5209 120.4167 164.5694 2014
1400.1544 2009.7025 56.1944 168.5833 2047
1408.3081 1968.8610 60.2083 168.5833 2048
1416.3793 1928.2351 64.2222 168.5833 2049
1424.3644 1887.8702 68.2361 168.5833 2050
1432.2866 1847.7333 72.2500 168.5833 2051
1440.1661 1807.8436 76.2639 168.5833 2052
1447.9626 1768.1704 80.2778 168.5833 2053
1455.7200 1728.7460 84.2917 168.5833 2054
1463.4666 1689.5868 88.3056 168.5833 2055
1471.1766 1650.6370 92.3194 168.5833 2056
1478.8282 1611.9413 96.3333 168.5833 2057
1486.4307 1573.4781 100.3472 168.5833 2058
1493.9473 1535.2288 104.3611 168.5833 2059
1501.3812 1497.2150 108.3750 168.5833 2060
1508.7048 1459.4620 112.3889 168.5833 2061
1515.9451 1422.0356 116.4028 168.5833 2062
1439.1847 2018.5439 56.1944 172.5972 2096
1447.2122 1977.6516 60.2083 172.5972 2097
1455.1523 1936.9924 64.2222 172.5972 2098
1463.0222 1896.5800 68.2361 172.5972 2099
1470.8403 1856.4189 72.2500 172.5972 2100
1478.5996 1816.4766 76.2639 172.5972 2101
1486.2815 1776.7701 80.2778 172.5972 2102
1493.9243 1737.2994 84.2917 172.5972 2103
1501.5382 1698.0999 88.3056 172.5972 2104
1509.1292 1659.1101 92.3194 172.5972 2105
1516.6472 1620.3766 96.3333 172.5972 2106
1524.1290 1581.8818 100.3472 172.5972 2107
1531.5157 1543.5950 104.3611 172.5972 2108
1538.8135 1505.5551 108.3750 172.5972 2109
1545.9906 1467.7858 112.3889 172.5972 2110
1478.1957 2027.3604 56.1944 176.6111 2145
1486.1017 1986.4318 60.2083 176.6111 2146
1493.9308 1945.7280 64.2222 176.6111 2147
1501.6868 1905.2760 68.2361 176.6111 2148
1509.3832 1865.0681 72.2500 176.6111 2149
1517.0298 1825.0865 76.2639 176.6111 2150
1524.5835 1785.3401 80.2778 176.6111 2151
1532.1044 1745.8344 84.2917 176.6111 2152
1539.6046 1706.5925 88.3056 176.6111 2153
1547.0681 1667.5684 92.3194 176.6111 2154
1554.4657 1628.7968 96.3333 176.6111 2155
1561.8119 1590.2671 100.3472 176.6111 2156
1569.0631 1551.9595 104.3611 176.6111 2157
1576.2163 1513.8961 108.3750 176.6111 2158
1524.9886 1995.1752 60.2083 180.6250 2195
1532.6973 1954.4437 64.2222 180.6250 2196
1540.3402 1913.9435 68.2361 180.6250 2197
1547.9268 1873.6879 72.2500 180.6250 2198
1555.4500 1833.6749 76.2639 180.6250 2199
1562.8843 1793.8903 80.2778 180.6250 2200
1570.2797 1754.3435 84.2917 180.6250 2201
1577.6470 1715.0708 88.3056 180.6250 2202
1584.9891 1676.0140 92.3194 180.6250 2203
1592.2504 1637.2078 96.3333 180.6250 2204
1599.4606 1598.6451 100.3472 180.6250 2205
1606.5731 1560.3149 104.3611 180.6250 2206
1563.8535 2003.9027 60.2083 184.6389 2244
1571.4489 1963.1210 64.2222 184.6389 2245
1578.9711 1922.5818 68.2361 184.6389 2246
1586.4287 1882.2916 72.2500 184.6389 2247
1593.8385 1842.2445 76.2639 184.6389 2248
1601.1393 1802.4268 80.2778 184.6389 2249
1608.4153 1762.8303 84.2917 184.6389 2250
1615.6569 1723.5337 88.3056 184.6389 2251
1622.8676 1684.4486 92.3194 184.6389 2252
1629.9906 1645.6024 96.3333 184.6389 2253
1637.0646 1607.0221 100.3472 184.6389 2254
1610.1460 1971.7844 64.2222 188.6528 2294
1617.5630 1931.2006 68.2361 188.6528 2295
1624.9005 1890.8738 72.2500 188.6528 2296
1632.1744 1850.7826 76.2639 188.6528 2297
1639.3726 1810.9341 80.2778 188.6528 2298
1646.5026 1771.3063 84.2917 188.6528 2299
1653.6118 1731.9801 88.3056 188.6528 2300
1660.6835 1692.8665 92.3194 188.6528 2301
1648.8114 1980.4546 64.2222 192.6667 2343
1656.0868 1939.8248 68.2361 192.6667 2344
1663.2957 1899.4353 72.2500 192.6667 2345
1670.4368 1859.2954 76.2639 192.6667 2346
1677.4962 1819.3790 80.2778 192.6667 2347
