46.8015 1655.1969 84.2917 88.3056 1099
70.1422 1616.2441 88.3056 88.3056 1100
93.2308 1577.7672 92.3194 88.3056 1101
116.0107 1539.7811 96.3333 88.3056 1102
138.5359 1502.2816 100.3472 88.3056 1103
160.8103 1465.2039 104.3611 88.3056 1104
38.3832 1752.9497 76.2639 92.3194 1146
62.0230 1712.8627 80.2778 92.3194 1147
85.3916 1673.2948 84.2917 92.3194 1148
108.4387 1634.3041 88.3056 92.3194 1149
131.2467 1595.7776 92.3194 92.3194 1150
153.7483 1557.7358 96.3333 92.3194 1151
176.0005 1520.1720 100.3472 92.3194 1152
197.9874 1483.0557 104.3611 92.3194 1153
219.6728 1446.3711 108.3750 92.3194 1154
241.1196 1410.1024 112.3889 92.3194 1155
29.7784 1852.8840 68.2361 96.3333 1193
53.8123 1811.6969 72.2500 96.3333 1194
77.5108 1771.0720 76.2639 96.3333 1195
100.8688 1730.9526 80.2778 96.3333 1196
123.9302 1691.3586 84.2917 96.3333 1197
146.6940 1652.3285 88.3056 96.3333 1198
169.2168 1613.7582 92.3194 96.3333 1199
191.4424 1575.6676 96.3333 96.3333 1200
213.4130 1538.0591 100.3472 96.3333 1201
235.1142 1500.8856 104.3611 96.3333 1202
256.5490 1464.1246 108.3750 96.3333 1203
277.7202 1427.8232 112.3889 96.3333 1204
298.5984 1392.0411 116.4028 96.3333 1205
319.3138 1356.6125 120.4167 96.3333 1206
45.3642 1912.7998 64.2222 100.3472 1241
69.4518 1871.0133 68.2361 100.3472 1242
93.1603 1829.8168 72.2500 100.3472 1243
116.5747 1789.1519 76.2639 100.3472 1244
139.6307 1749.0027 80.2778 100.3472 1245
162.4082 1709.3708 84.2917 100.3472 1246
184.8845 1670.3088 88.3056 100.3472 1247
207.1212 1631.6963 92.3194 100.3472 1248
229.0682 1593.5719 96.3333 100.3472 1249
250.7756 1555.9220 100.3472 100.3472 1250
272.2112 1518.6783 104.3611 100.3472 1251
293.3723 1481.8798 108.3750 100.3472 1252
314.2805 1445.5001 112.3889 100.3472 1253
334.9146 1409.6484 116.4028 100.3472 1254
355.3549 1374.1582 120.4167 100.3472 1255
375.5927 1339.0574 124.4306 100.3472 1256
61.0913 1973.2825 60.2083 104.3611 1289
85.2353 1930.9034 64.2222 104.3611 1290
109.0292 1889.0823 68.2361 104.3611 1291
132.4552 1847.8705 72.2500 104.3611 1292
155.5608 1807.1831 76.2639 104.3611 1293
178.3194 1767.0110 80.2778 104.3611 1294
200.7923 1727.3396 84.2917 104.3611 1295
222.9967 1688.2310 88.3056 104.3611 1296
244.9684 1649.5928 92.3194 104.3611 1297
266.6303 1611.4349 96.3333 104.3611 1298
288.0608 1573.7262 100.3472 104.3611 1299
309.2402 1536.4531 104.3611 104.3611 1300
330.1303 1499.5945 108.3750 104.3611 1301
350.7928 1463.1521 112.3889 104.3611 1302
371.1589 1427.2557 116.4028 104.3611 1303
391.3737 1391.6857 120.4167 104.3611 1304
411.3575 1356.5183 124.4306 104.3611 1305
431.1560 1321.7970 128.4444 104.3611 1306
450.8325 1287.5234 132.4583 104.3611 1307
470.3077 1253.7606 136.4722 104.3611 1308
101.1630 1991.3484 60.2083 108.3750 1338
125.0169 1948.9452 64.2222 108.3750 1339
148.5022 1907.0970 68.2361 108.3750 1340
171.6165 1865.8622 72.2500 108.3750 1341
194.4328 1825.1550 76.2639 108.3750 1342
216.8974 1784.9591 80.2778 108.3750 1343
239.0830 1745.2533 84.2917 108.3750 1344
261.0042 1706.0969 88.3056 108.3750 1345
282.6968 1667.4357 92.3194 108.3750 1346
304.0962 1629.2323 96.3333 108.3750 1347
325.2641 1591.4891 100.3472 108.3750 1348
346.1716 1554.1567 104.3611 108.3750 1349
366.8276 1517.2620 108.3750 108.3750 1350
387.2260 1480.7692 112.3889 108.3750 1351
407.3543 1444.8096 116.4028 108.3750 1352
427.3159 1409.1707 120.4167 108.3750 1353
447.0457 1373.9467 124.4306 108.3750 1354
466.6034 1339.1370 128.4444 108.3750 1355
485.9703 1304.7753 132.4583 108.3750 1356
505.2543 1270.8822 136.4722 108.3750 1357
141.1619 2009.3453 60.2083 112.3889 1387
164.7034 1966.9246 64.2222 112.3889 1388
187.8909 1925.0660 68.2361 112.3889 1389
210.6973 1883.7965 72.2500 112.3889 1390
233.2099 1843.0781 76.2639 112.3889 1391
255.4030 1802.8490 80.2778 112.3889 1392
277.3068 1763.1132 84.2917 112.3889 1393
298.9578 1723.9525 88.3056 112.3889 1394
320.3747 1685.2240 92.3194 112.3889 1395
341.5002 1646.9890 96.3333 112.3889 1396
362.4125 1609.2057 100.3472 112.3889 1397
383.0556 1571.8400 104.3611 112.3889 1398
403.4566 1534.8861 108.3750 112.3889 1399
423.6102 1498.3541 112.3889 112.3889 1400
443.5028 1462.3380 116.4028 112.3889 1401
463.2176 1426.6436 120.4167 112.3889 1402
482.7231 1391.3452 124.4306 112.3889 1403
502.0344 1356.4810 128.4444 112.3889 1404
521.1375 1322.0396 132.4583 112.3889 1405
540.1470 1288.0421 136.4722 112.3889 1406
204.2862 1984.8473 64.2222 116.4028 1437
227.1528 1942.9786 68.2361 116.4028 1438
249.6834 1901.6724 72.2500 116.4028 1439
271.9129 1860.9371 76.2639 116.4028 1440
293.8179 1820.6737 80.2778 116.4028 1441
315.4425 1780.9246 84.2917 116.4028 1442
336.8289 1741.7196 88.3056 116.4028 1443
357.9741 1702.9808 92.3194 116.4028 1444
378.8432 1664.6949 96.3333 116.4028 1445
399.4924 1626.8925 100.3472 116.4028 1446
419.8900 1589.4718 104.3611 116.4028 1447
440.0278 1552.4692 108.3750 116.4028 1448
459.9450 1515.8843 112.3889 116.4028 1449
479.5826 1479.8191 116.4028 116.4028 1450
499.0601 1444.0770 120.4167 116.4028 1451
518.3304 1408.7075 124.4306 116.4028 1452
537.4078 1373.7911 128.4444 116.4028 1453
556.2754 1339.2777 132.4583 116.4028 1454
574.9979 1305.1953 136.4722 116.4028 1455
593.6589 1271.5712 140.4861 116.4028 1456
243.7615 2002.7012 64.2222 120.4167 1486
266.3303 1960.8138 68.2361 120.4167 1487
288.5629 1919.4946 72.2500 120.4167 1488
310.5080 1878.7233 76.2639 120.4167 1489
332.1355 1838.4473 80.2778 120.4167 1490
353.5006 1798.6602 84.2917 120.4167 1491
374.6038 1759.4392 88.3056 120.4167 1492
395.4878 1720.6537 92.3194 120.4167 1493
416.0858 1682.3491 96.3333 120.4167 1494
436.4834 1644.4994 100.3472 120.4167 1495
456.6317 1607.0552 104.3611 120.4167 1496
476.5243 1570.0037 108.3750 120.4167 1497
496.1983 1533.3815 112.3889 120.4167 1498
515.6013 1497.2446 116.4028 120.4167 1499
534.8456 1461.4705 120.4167 120.4167 1500
553.8723 1426.0518 124.4306 120.4167 1501
572.7112 1391.0649 128.4444 120.4167 1502
591.3588 1356.4979 132.4583 120.4167 1503
609.8286 1322.3582 136.4722 120.4167 1504
628.2078 1288.6591 140.4861 120.4167 1505
283.1276 2020.5054 64.2222 124.4306 1535
305.4140 1978.5879 68.2361 124.4306 1536
327.3567 1937.2491 72.2500 124.4306 1537
349.0099 1896.4573 76.2639 124.4306 1538
370.3746 1856.1299 80.2778 124.4306 1539
391.4534 1816.3339 84.2917 124.4306 1540
412.2903 1777.0736 88.3056 124.4306 1541
432.9077 1738.2689 92.3194 124.4306 1542
453.2625 1699.9364 96.3333 124.4306 1543
473.4076 1662.0416 100.3472 124.4306 1544
493.3110 1624.5681 104.3611 124.4306 1545
512.9701 1587.4824 108.3750 124.4306 1546
532.3969 1550.8022 112.3889 124.4306 1547
551.5601 1514.6305 116.4028 124.4306 1548
570.5604 1478.8052 120.4167 124.4306 1549
589.3549 1443.3464 124.4306 124.4306 1550
607.9775 1408.3033 128.4444 124.4306 1551
626.3926 1373.6666 132.4583 124.4306 1552
644.6138 1339.4724 136.4722 124.4306 1553
344.3722 1996.3043 68.2361 128.4444 1585
366.0133 1954.9424 72.2500 128.4444 1586
387.4136 1914.1096 76.2639 128.4444 1587
408.4828 1873.7759 80.2778 128.4444 1588
429.2869 1833.9409 84.2917 128.4444 1589
449.8633 1794.6434 88.3056 128.4444 1590
470.2169 1755.8168 92.3194 128.4444 1591
490.3297 1717.4427 96.3333 128.4444 1592
510.2262 1679.5201 100.3472 128.4444 1593
529.8890 1642.0060 104.3611 128.4444 1594
549.2969 1604.8888 108.3750 128.4444 1595
568.4834 1568.1714 112.3889 128.4444 1596
587.4296 1531.9634 116.4028 128.4444 1597
606.1995 1496.0769 120.4167 128.4444 1598
624.7596 1460.5667 124.4306 128.4444 1599
643.1450 1425.4827 128.4444 128.4444 1600
661.3350 1390.8065 132.4583 128.4444 1601
679.3401 1356.5391 136.4722 128.4444 1602
383.1150 2013.8975 68.2361 132.4583 1634
404.5014 1972.5039 72.2500 132.4583 1635
425.6048 1931.6532 76.2639 132.4583 1636
446.4121 1891.2953 80.2778 132.4583 1637
466.9533 1851.4469 84.2917 132.4583 1638
585.4664 1622.1837 108.3750 132.4583 1639
604.4244 1585.4374 112.3889 132.4583 1640
623.1229 1549.1768 116.4028 132.4583 1641
641.6636 1513.2589 120.4167 132.4583 1642
660.0038 1477.7040 124.4306 132.4583 1643
678.1590 1442.5630 128.4444 132.4583 1644
696.1038 1407.8494 132.4583 132.4583 1645
713.8918 1373.5320 136.4722 132.4583 1646
442.9682 1990.0472 72.2500 136.4722 1679
463.8028 1949.1713 76.2639 136.4722 1680
484.3334 1908.7887 80.2778 136.4722 1681
504.6094 1868.9178 84.2917 136.4722 1682
621.6496 1639.4600 108.3750 136.4722 1683
640.3832 1602.6633 112.3889 136.4722 1684
658.8475 1566.3806 116.4028 136.4722 1685
677.1474 1530.4182 120.4167 136.4722 1686
695.2560 1494.8258 124.4306 136.4722 1687
713.1852 1459.6359 128.4444 136.4722 1688
730.9150 1424.8743 132.4583 136.4722 1689
748.4778 1390.5144 136.4722 136.4722 1690
481.3246 2007.5085 72.2500 140.4861 1723
501.8929 1966.6121 76.2639 140.4861 1724
522.1489 1926.2087 80.2778 140.4861 1725
542.1774 1886.3051 84.2917 140.4861 1726
657.7528 1656.6517 108.3750 140.4861 1727
676.2333 1619.8398 112.3889 140.4861 1728
694.4718 1583.5093 116.4028 140.4861 1729
712.5488 1547.5076 120.4167 140.4861 1730
730.4343 1511.8777 124.4306 140.4861 1731
748.1254 1476.6559 128.4444 140.4861 1732
765.6282 1441.8435 132.4583 140.4861 1733
782.9637 1407.4419 136.4722 140.4861 1734
519.5508 2024.8950 72.2500 144.5000 1767
539.8582 1983.9779 76.2639 144.5000 1768
559.8645 1943.5527 80.2778 144.5000 1769
579.6335 1903.6097 84.2917 144.5000 1770
693.7583 1673.7808 108.3750 144.5000 1771
712.0067 1636.9313 112.3889 144.5000 1772
730.0151 1600.5675 116.4028 144.5000 1773
747.8632 1564.5334 120.4167 144.5000 1774
765.5029 1528.8655 124.4306 144.5000 1775
782.9814 1493.5994 128.4444 144.5000 1776
800.2586 1458.7445 132.4583 144.5000 1777
817.3627 1424.3065 136.4722 144.5000 1778
577.7075 2001.2476 76.2639 148.5139 1812
597.4628 1960.8030 80.2778 148.5139 1813
616.9789 1920.8484 84.2917 148.5139 1814
729.6620 1690.8330 108.3750 148.5139 1815
747.6720 1653.9492 112.3889 148.5139 1816
765.4537 1617.5532 116.4028 148.5139 1817
783.0623 1581.4835 120.4167 148.5139 1818
800.4836 1545.7794 124.4306 148.5139 1819
817.7333 1510.4816 128.4444 148.5139 1820
834.7845 1475.5865 132.4583 148.5139 1821
851.6492 1441.1072 136.4722 148.5139 1822
615.4557 2018.4413 76.2639 152.5278 1856
634.9446 1977.9690 80.2778 152.5278 1857
654.2086 1937.9890 84.2917 152.5278 1858
673.2768 1898.5367 88.3056 152.5278 1859
692.1455 1859.5255 92.3194 152.5278 1860
710.7774 1820.9674 96.3333 152.5278 1861
729.2346 1782.8514 100.3472 152.5278 1862
747.4747 1745.1105 104.3611 152.5278 1863
765.4672 1707.8080 108.3750 152.5278 1864
783.2431 1670.8955 112.3889 152.5278 1865
800.7856 1634.4658 116.4028 152.5278 1866
818.1750 1598.3640 120.4167 152.5278 1867
835.3693 1562.6134 124.4306 152.5278 1868
852.3809 1527.2986 128.4444 152.5278 1869
869.2034 1492.3674 132.4583 152.5278 1870
885.8561 1457.8445 136.4722 152.5278 1871
672.3134 1995.0359 80.2778 156.5417 1906
691.3365 1955.0419 84.2917 156.5417 1907
710.1500 1915.5646 88.3056 156.5417 1908
728.7881 1876.5270 92.3194 156.5417 1909
747.1901 1837.9446 96.3333 156.5417 1910
765.4063 1799.8013 100.3472 156.5417 1911
783.3995 1762.0404 104.3611 156.5417 1912
801.1516 1724.6849 108.3750 156.5417 1913
818.7063 1687.7518 112.3889 156.5417 1914
836.0173 1651.2941 116.4028 156.5417 1915
853.1787 1615.1522 120.4167 156.5417 1916
870.1451 1579.3894 124.4306 156.5417 1917
886.9291 1544.0210 128.4444 156.5417 1918
903.5125 1509.0636 132.4583 156.5417 1919
709.5345 2012.0176 80.2778 160.5556 1955
728.3219 1971.9999 84.2917 160.5556 1956
746.9034 1932.5006 88.3056 160.5556 1957
765.2928 1893.4385 92.3194 160.5556 1958
783.4510 1854.8226 96.3333 160.5556 1959
801.4331 1816.6432 100.3472 160.5556 1960
819.1898 1778.8717 104.3611 160.5556 1961
836.7180 1741.4948 108.3750 160.5556 1962
854.0375 1704.5181 112.3889 160.5556 1963
871.1277 1668.0392 116.4028 160.5556 1964
888.0659 1631.8749 120.4167 160.5556 1965
904.7891 1596.0704 124.4306 160.5556 1966
921.3533 1560.6794 128.4444 160.5556 1967
937.6938 1525.6914 132.4583 160.5556 1968
765.2026 1988.8796 84.2917 164.5694 2005
783.5422 1949.3566 88.3056 164.5694 2006
801.6918 1910.2617 92.3194 164.5694 2007
819.6264 1871.6241 96.3333 164.5694 2008
837.3744 1833.4325 100.3472 164.5694 2009
854.9038 1795.6190 104.3611 164.5694 2010
872.1981 1758.2247 108.3750 164.5694 2011
889.2998 1721.2188 112.3889 164.5694 2012
906.1528 1684.7058 116.4028 164.5694 2013
922.8688 1648.5179 120.4167 164.5694 2014
939.3611 1612.6951 124.4306 164.5694 2015
955.6664 1577.2806 128.4444 164.5694 2016
801.9730 2005.6556 84.2917 168.5833 2054
820.0680 1966.1119 88.3056 168.5833 2055
837.9873 1927.0017 92.3194 168.5833 2056
855.6775 1888.3441 96.3333 168.5833 2057
873.2016 1850.1260 100.3472 168.5833 2058
890.4998 1812.2899 104.3611 168.5833 2059
907.5717 1774.8776 108.3750 168.5833 2060
924.4361 1737.8608 112.3889 168.5833 2061
941.0601 1701.3016 116.4028 168.5833 2062
957.5345 1665.0891 120.4167 168.5833 2063
973.7947 1629.2415 124.4306 168.5833 2064
838.5953 2022.3594 84.2917 172.5972 2103
856.4648 1982.7954 88.3056 172.5972 2104
874.1474 1943.6519 92.3194 172.5972 2105
891.6105 1904.9735 96.3333 172.5972 2106
908.9089 1866.7306 100.3472 172.5972 2107
925.9800 1828.8864 104.3611 172.5972 2108
942.8151 1791.4324 108.3750 172.5972 2109
959.4500 1754.3848 112.3889 172.5972 2110
975.8391 1717.8176 116.4028 172.5972 2111
992.0708 1681.5719 120.4167 172.5972 2112
892.7213 1999.3655 88.3056 176.6111 2153
910.1729 1960.2003 92.3194 176.6111 2154
927.4193 1921.5016 96.3333 176.6111 2155
944.4651 1883.2312 100.3472 176.6111 2156
961.3107 1845.3644 104.3611 176.6111 2157
977.9224 1807.9017 108.3750 176.6111 2158
994.3124 1770.8318 112.3889 176.6111 2159
1010.4675 1734.2369 116.4028 176.6111 2160
928.8215 2015.8225 88.3056 180.6250 2202
946.0430 1976.6475 92.3194 180.6250 2203
963.0472 1937.9377 96.3333 180.6250 2204
979.8707 1899.6459 100.3472 180.6250 2205
996.4779 1861.7509 104.3611 180.6250 2206
1012.8524 1824.2513 108.3750 180.6250 2207
