1444.0537 122.4323 104.3611 100.3472 1251
1443.7622 80.6908 108.3750 100.3472 1252
1443.4578 38.5649 112.3889 100.3472 1253
1483.6971 244.4495 92.3194 104.3611 1297
1483.5692 203.6791 96.3333 104.3611 1298
1483.4883 162.5514 100.3472 104.3611 1299
1483.3921 121.0102 104.3611 104.3611 1300
1483.2721 79.0907 108.3750 104.3611 1301
1483.1489 36.7843 112.3889 104.3611 1302
1522.6321 324.2944 84.2917 108.3750 1344
1522.6766 284.1248 88.3056 108.3750 1345
1522.7623 243.5585 92.3194 108.3750 1346
1522.8341 202.6258 96.3333 108.3750 1347
1522.9403 161.3201 100.3472 108.3750 1348
1523.0356 119.6004 104.3611 108.3750 1349
1523.0995 77.5004 108.3750 108.3750 1350
1523.1688 35.0072 112.3889 108.3750 1351
1561.4381 363.7375 80.2778 112.3889 1392
1561.6301 323.7363 84.2917 112.3889 1393
1561.8812 283.4078 88.3056 112.3889 1394
1562.1471 242.6791 92.3194 112.3889 1395
1562.4230 201.5742 96.3333 112.3889 1396
1562.7283 160.0932 100.3472 112.3889 1397
1563.0118 118.2029 104.3611 112.3889 1398
1563.2788 75.9223 108.3750 112.3889 1399
1563.5337 33.2396 112.3889 112.3889 1400
1600.1526 403.1086 76.2639 116.4028 1440
1600.5237 363.3432 80.2778 116.4028 1441
1600.9333 323.1812 84.2917 116.4028 1442
1601.3683 282.6936 88.3056 116.4028 1443
1601.8425 241.8014 92.3194 116.4028 1444
1602.3188 200.5347 96.3333 116.4028 1445
1602.8171 158.8849 100.3472 116.4028 1446
1603.3011 116.8185 104.3611 116.4028 1447
1603.7587 74.3573 108.3750 116.4028 1448
1604.2164 31.4990 112.3889 116.4028 1449
1638.7200 442.4080 72.2500 120.4167 1488
1639.3323 402.8792 76.2639 120.4167 1489
1639.9149 362.9552 80.2778 120.4167 1490
1640.4988 322.6417 84.2917 120.4167 1491
1641.1490 281.9992 88.3056 120.4167 1492
1641.8240 240.9417 92.3194 120.4167 1493
1642.4915 199.5150 96.3333 120.4167 1494
1643.2007 157.6860 100.3472 120.4167 1495
1643.8921 115.4444 104.3611 120.4167 1496
1644.5507 72.8181 108.3750 120.4167 1497
1645.2078 29.7695 112.3889 120.4167 1498
1677.1735 481.6155 68.2361 124.4306 1536
1677.9749 442.3387 72.2500 124.4306 1537
1678.7867 402.6538 76.2639 124.4306 1538
1679.5603 362.5801 80.2778 124.4306 1539
1680.3645 322.1096 84.2917 124.4306 1540
1681.2129 281.3138 88.3056 124.4306 1541
1682.0861 240.0924 92.3194 124.4306 1542
1682.9672 198.4936 96.3333 124.4306 1543
1683.8849 156.5035 100.3472 124.4306 1544
1684.7775 114.0875 104.3611 124.4306 1545
1685.6427 71.2773 108.3750 124.4306 1546
1686.5140 28.0524 112.3889 124.4306 1547
1716.4673 481.7021 68.2361 128.4444 1585
1717.4696 442.2703 72.2500 128.4444 1586
1718.4819 402.4430 76.2639 128.4444 1587
1719.4713 362.2104 80.2778 128.4444 1588
1720.4681 321.5966 84.2917 128.4444 1589
1721.5249 280.6366 88.3056 128.4444 1590
1722.6115 239.2514 92.3194 128.4444 1591
1723.6931 197.4908 96.3333 128.4444 1592
1724.8195 155.3302 100.3472 128.4444 1593
1725.9397 112.7388 104.3611 128.4444 1594
1727.0067 69.7507 108.3750 128.4444 1595
1728.0928 26.3512 112.3889 128.4444 1596
1754.7340 521.0058 64.2222 132.4583 1633
1755.9408 481.8052 68.2361 132.4583 1634
1757.1372 442.2136 72.2500 132.4583 1635
1758.3704 402.2418 76.2639 132.4583 1636
1759.5493 361.8636 80.2778 132.4583 1637
1760.7642 321.0845 84.2917 132.4583 1638
1768.5718 68.2417 108.3750 132.4583 1639
1769.8754 24.6440 112.3889 132.4583 1640
1794.3656 521.2673 64.2222 136.4722 1677
1795.7684 481.9096 68.2361 136.4722 1678
1797.1799 442.1688 72.2500 136.4722 1679
1798.5997 402.0543 76.2639 136.4722 1680
1800.0021 361.5186 80.2778 136.4722 1681
1801.4246 320.5896 84.2917 136.4722 1682
1810.5371 66.7373 108.3750 136.4722 1683
1812.0640 22.9461 112.3889 136.4722 1684
1834.2305 521.5196 64.2222 140.4861 1721
1835.8512 482.0252 68.2361 140.4861 1722
1837.4619 442.1465 72.2500 140.4861 1723
1839.1024 401.8730 76.2639 140.4861 1724
1840.7166 361.1858 80.2778 140.4861 1725
1842.3528 320.1090 84.2917 140.4861 1726
1852.7931 65.2265 108.3750 140.4861 1727
1854.5500 21.2439 112.3889 140.4861 1728
1874.3419 521.7770 64.2222 144.5000 1765
1876.1692 482.1440 68.2361 144.5000 1766
1878.0049 442.1284 72.2500 144.5000 1767
1879.8607 401.7004 76.2639 144.5000 1768
1881.6865 360.8761 80.2778 144.5000 1769
1883.5427 319.6333 84.2917 144.5000 1770
1895.3363 63.7106 108.3750 144.5000 1771
1914.6886 522.0391 64.2222 148.5139 1809
1916.7461 482.2737 68.2361 148.5139 1810
1918.8026 442.1140 72.2500 148.5139 1811
1920.8799 401.5432 76.2639 148.5139 1812
1922.9263 360.5606 80.2778 148.5139 1813
1925.0031 319.1721 84.2917 148.5139 1814
1938.1890 62.1786 108.3750 148.5139 1815
1955.2922 522.3037 64.2222 152.5278 1853
1957.5698 482.4104 68.2361 152.5278 1854
1959.8569 442.1097 72.2500 152.5278 1855
1962.1572 401.3949 76.2639 152.5278 1856
1964.4331 360.2564 80.2778 152.5278 1857
1966.7393 318.7138 84.2917 152.5278 1858
1969.1030 276.8017 88.3056 152.5278 1859
1971.5154 234.4421 92.3194 152.5278 1860
1973.9310 191.6697 96.3333 152.5278 1861
1976.4093 148.4512 100.3472 152.5278 1862
1978.8931 104.7687 104.3611 152.5278 1863
1981.3665 60.6459 108.3750 152.5278 1864
1996.1423 522.5635 64.2222 156.5417 1902
1998.6508 482.5360 68.2361 156.5417 1903
2001.1611 442.1003 72.2500 156.5417 1904
2003.6946 401.2405 76.2639 156.5417 1905
2006.2001 359.9561 80.2778 156.5417 1906
2008.7455 318.2564 84.2917 156.5417 1907
2011.3567 276.1826 88.3056 156.5417 1908
2014.0055 233.6559 92.3194 156.5417 1909
2016.6633 190.7158 96.3333 156.5417 1910
2019.4010 147.3027 100.3472 156.5417 1911
2022.1239 103.4326 104.3611 156.5417 1912
2024.8633 59.0998 108.3750 156.5417 1913
2037.2313 522.8259 64.2222 160.5556 1951
2039.9722 482.6658 68.2361 160.5556 1952
2042.7111 442.0942 72.2500 160.5556 1953
2045.4861 401.0858 76.2639 160.5556 1954
2048.2280 359.6587 80.2778 160.5556 1955
2051.0132 317.8020 84.2917 160.5556 1956
2053.8716 275.5534 88.3056 160.5556 1957
2056.7759 232.8627 92.3194 160.5556 1958
2059.7017 189.7408 96.3333 160.5556 1959
2062.6936 146.1473 100.3472 160.5556 1960
2065.6780 102.0819 104.3611 160.5556 1961
2068.6790 57.5448 108.3750 160.5556 1962
2075.5784 562.7081 60.2083 164.5694 1999
2078.5857 523.0718 64.2222 164.5694 2000
2081.5745 482.7880 68.2361 164.5694 2001
2084.5645 442.0776 72.2500 164.5694 2002
2087.5776 400.9388 76.2639 164.5694 2003
2090.5740 359.3533 80.2778 164.5694 2004
2093.6096 317.3322 84.2917 164.5694 2005
2096.7158 274.9187 88.3056 164.5694 2006
2099.8853 232.0464 92.3194 164.5694 2007
2103.0674 188.7420 96.3333 164.5694 2008
2106.3325 144.9728 100.3472 164.5694 2009
2109.5938 100.7081 104.3611 164.5694 2010
2112.8708 55.9600 108.3750 164.5694 2011
2116.9949 563.0285 60.2083 168.5833 2048
2123.4685 482.8999 68.2361 168.5833 2050
2126.7014 442.0490 72.2500 168.5833 2051
2129.9778 400.7655 76.2639 168.5833 2052
2133.2209 359.0329 80.2778 168.5833 2053
2136.5134 316.8510 84.2917 168.5833 2054
2139.8882 274.2654 88.3056 168.5833 2055
2143.3093 231.2117 92.3194 168.5833 2056
2146.7595 187.7274 96.3333 168.5833 2057
2150.2969 143.7699 100.3472 168.5833 2058
2153.8416 99.2992 104.3611 168.5833 2059
2157.4041 54.3452 108.3750 168.5833 2060
2158.4944 563.3118 60.2083 172.5972 2097
2162.1021 523.3516 64.2222 172.5972 2098
2165.6189 482.9984 68.2361 172.5972 2099
2169.1138 442.0161 72.2500 172.5972 2100
2172.6479 400.5814 76.2639 172.5972 2101
2176.1643 358.6935 80.2778 172.5972 2102
2179.7144 316.3583 84.2917 172.5972 2103
2183.3562 273.6008 88.3056 172.5972 2104
2187.0471 230.3666 92.3194 172.5972 2105
2190.7827 186.6884 96.3333 172.5972 2106
2194.5979 142.5347 100.3472 172.5972 2107
2198.4358 97.8525 104.3611 172.5972 2108
2202.2942 52.6736 108.3750 172.5972 2109
2200.7124 563.6316 60.2083 176.6111 2146
2204.2554 523.4691 64.2222 176.6111 2147
2208.0564 482.9685 68.2361 176.6111 2148
2211.8135 441.9580 72.2500 176.6111 2149
2215.6045 400.3806 76.2639 176.6111 2150
2219.3911 358.3433 80.2778 176.6111 2151
2223.2112 315.8434 84.2917 176.6111 2152
2227.1267 272.9118 88.3056 176.6111 2153
2231.1064 229.4894 92.3194 176.6111 2154
2235.1287 185.6165 96.3333 176.6111 2155
2239.2390 141.2617 100.3472 176.6111 2156
2243.3833 96.3653 104.3611 176.6111 2157
2247.5547 50.9587 108.3750 176.6111 2158
2250.7539 482.9062 68.2361 180.6250 2197
2254.7808 441.8308 72.2500 180.6250 2198
2258.8521 400.1508 76.2639 180.6250 2199
2262.9099 357.9648 80.2778 180.6250 2200
2267.0217 315.2937 84.2917 180.6250 2201
2271.2280 272.1808 88.3056 180.6250 2202
2275.4958 228.5726 92.3194 180.6250 2203
2279.8206 184.4979 96.3333 180.6250 2204
2284.2280 139.9408 100.3472 180.6250 2205
2288.6753 94.8264 104.3611 180.6250 2206
2293.1602 49.2028 108.3750 180.6250 2207
2293.5928 482.8579 68.2361 184.6389 2246
2298.0293 441.5803 72.2500 184.6389 2247
2302.3809 399.8630 76.2639 184.6389 2248
2306.7319 357.5476 80.2778 184.6389 2249
2311.1384 314.7014 84.2917 184.6389 2250
2315.6438 271.4268 88.3056 184.6389 2251
2320.2219 227.6275 92.3194 184.6389 2252
2324.8538 183.3452 96.3333 184.6389 2253
2329.5649 138.5682 100.3472 184.6389 2254
2334.3323 93.2348 104.3611 184.6389 2255
2339.1299 47.3879 108.3750 184.6389 2256
2346.1797 399.4673 76.2639 188.6528 2297
2350.8674 357.0164 80.2778 188.6528 2298
2355.5713 314.0739 84.2917 188.6528 2299
2360.3889 270.6208 88.3056 188.6528 2300
2365.2793 226.6261 92.3194 188.6528 2301
2370.2183 182.1488 96.3333 188.6528 2302
2375.2654 137.1477 100.3472 188.6528 2303
2380.3564 91.5928 104.3611 188.6528 2304
2385.4783 45.5106 108.3750 188.6528 2305
2390.0066 398.9162 76.2639 192.6667 2346
2395.1409 356.4529 80.2778 192.6667 2347
2400.2397 313.3293 84.2917 192.6667 2348
2405.3877 269.7382 88.3056 192.6667 2349
2410.6167 225.5898 92.3194 192.6667 2350
2415.9080 180.8984 96.3333 192.6667 2351
2421.2883 135.6714 100.3472 192.6667 2352
2426.7078 89.8962 104.3611 192.6667 2353
