643.5237 954.0203 88.3056 92.3194 1149
646.0410 915.9860 92.3194 92.3194 1150
648.5836 877.9700 96.3333 92.3194 1151
651.1927 839.8295 100.3472 92.3194 1152
653.8384 801.6816 104.3611 92.3194 1153
656.4737 763.6760 108.3750 92.3194 1154
664.4585 649.4808 120.4167 92.3194 1157
667.0507 610.8836 124.4306 92.3194 1158
679.0325 994.7300 84.2917 96.3333 1197
681.5756 956.7834 88.3056 96.3333 1198
692.0087 804.5244 104.3611 96.3333 1202
694.6401 766.3856 108.3750 96.3333 1203
699.9586 690.1570 116.4028 96.3333 1205
702.6501 651.9863 120.4167 96.3333 1206
705.3893 613.8045 124.4306 96.3333 1207
708.2005 575.7401 128.4444 96.3333 1208
710.8505 537.3726 132.4583 96.3333 1209
717.0977 997.5396 84.2917 100.3472 1246
719.6244 959.5965 88.3056 100.3472 1247
722.2034 921.5922 92.3194 100.3472 1248
724.8095 883.5510 96.3333 100.3472 1249
727.4501 845.4902 100.3472 100.3472 1250
730.0969 807.3647 104.3611 100.3472 1251
732.7609 769.2106 108.3750 100.3472 1252
735.4296 731.0793 112.3889 100.3472 1253
738.1021 693.0250 116.4028 100.3472 1254
740.8467 654.8831 120.4167 100.3472 1255
743.5775 616.6985 124.4306 100.3472 1256
746.3490 578.5036 128.4444 100.3472 1257
749.1487 540.3557 132.4583 100.3472 1258
750.1822 1076.0831 76.2639 104.3611 1293
752.6167 1038.2233 80.2778 104.3611 1294
755.0992 1000.3035 84.2917 104.3611 1295
757.6520 962.3807 88.3056 104.3611 1296
760.2603 924.3882 92.3194 104.3611 1297
762.8867 886.3542 96.3333 104.3611 1298
765.5396 848.3002 100.3472 104.3611 1299
768.2202 810.1871 104.3611 104.3611 1300
770.8953 772.0524 108.3750 104.3611 1301
773.5554 733.9297 112.3889 104.3611 1302
776.2521 695.8793 116.4028 104.3611 1303
778.9810 657.7319 120.4167 104.3611 1304
781.7166 619.5729 124.4306 104.3611 1305
784.5111 581.4417 128.4444 104.3611 1306
787.3336 543.3325 132.4583 104.3611 1307
783.1990 1154.2533 68.2361 108.3750 1340
785.6339 1116.5702 72.2500 108.3750 1341
788.1241 1078.8054 76.2639 108.3750 1342
790.5834 1040.9703 80.2778 108.3750 1343
793.0909 1003.0571 84.2917 108.3750 1344
795.6747 965.1406 88.3056 108.3750 1345
798.3058 927.1619 92.3194 108.3750 1346
800.9462 889.1541 96.3333 108.3750 1347
803.6237 851.1134 100.3472 108.3750 1348
806.3312 813.0193 104.3611 108.3750 1349
809.0005 774.9130 108.3750 108.3750 1350
811.6826 736.7894 112.3889 108.3750 1351
814.3909 698.7507 116.4028 108.3750 1352
817.1134 660.6179 120.4167 108.3750 1353
819.8607 622.4782 124.4306 108.3750 1354
822.6408 584.3533 128.4444 108.3750 1355
825.4661 546.2487 132.4583 108.3750 1356
818.6345 1194.5642 64.2222 112.3889 1388
821.0874 1156.9613 68.2361 112.3889 1389
823.5471 1119.2800 72.2500 112.3889 1390
826.0612 1081.5311 76.2639 112.3889 1391
828.5634 1043.7010 80.2778 112.3889 1392
831.1023 1005.8192 84.2917 112.3889 1393
833.7150 967.9230 88.3056 112.3889 1394
836.3729 929.9609 92.3194 112.3889 1395
839.0288 891.9697 96.3333 112.3889 1396
841.7341 853.9456 100.3472 112.3889 1397
844.4514 815.8561 104.3611 112.3889 1398
847.1306 777.7631 108.3750 112.3889 1399
849.8333 739.6636 112.3889 112.3889 1400
852.5329 701.6442 116.4028 112.3889 1401
855.2810 663.5333 120.4167 112.3889 1402
858.0111 625.4061 124.4306 112.3889 1403
860.8102 587.2944 128.4444 112.3889 1404
863.6038 549.1907 132.4583 112.3889 1405
866.4792 511.1326 136.4722 112.3889 1406
869.3844 473.1113 140.4861 112.3889 1407
872.3055 435.1467 144.5000 112.3889 1408
875.2668 397.3998 148.5139 112.3889 1409
854.0057 1234.7567 60.2083 116.4028 1436
856.4861 1197.2415 64.2222 116.4028 1437
858.9602 1159.6377 68.2361 116.4028 1438
861.4653 1121.9852 72.2500 116.4028 1439
864.0020 1084.2433 76.2639 116.4028 1440
866.5370 1046.4375 80.2778 116.4028 1441
869.1038 1008.5640 84.2917 116.4028 1442
871.7425 970.6822 88.3056 116.4028 1443
874.4210 932.7428 92.3194 116.4028 1444
877.0951 894.7748 96.3333 116.4028 1445
879.8289 856.7690 100.3472 116.4028 1446
882.5438 818.7015 104.3611 116.4028 1447
885.2541 780.6323 108.3750 116.4028 1448
887.9623 742.5593 112.3889 116.4028 1449
890.6709 704.5530 116.4028 116.4028 1450
893.4270 666.4675 120.4167 116.4028 1451
896.1555 628.3510 124.4306 116.4028 1452
898.9543 590.2518 128.4444 116.4028 1453
901.7526 552.1541 132.4583 116.4028 1454
904.6034 514.1038 136.4722 116.4028 1455
907.4993 476.0975 140.4861 116.4028 1456
910.4305 438.1584 144.5000 116.4028 1457
913.3924 400.2286 148.5139 116.4028 1458
889.2903 1274.8121 56.1944 120.4167 1484
891.7991 1237.4103 60.2083 120.4167 1485
894.3194 1199.9109 64.2222 120.4167 1486
896.8245 1162.3206 68.2361 120.4167 1487
899.3679 1124.6660 72.2500 120.4167 1488
901.9426 1086.9556 76.2639 120.4167 1489
904.5139 1049.1461 80.2778 120.4167 1490
907.0893 1011.3156 84.2917 120.4167 1491
909.7564 973.4617 88.3056 120.4167 1492
912.4548 935.5363 92.3194 120.4167 1493
915.1516 897.5803 96.3333 120.4167 1494
917.9089 859.5989 100.3472 120.4167 1495
920.6318 821.5639 104.3611 120.4167 1496
923.3619 783.5218 108.3750 120.4167 1497
926.0679 745.4633 112.3889 120.4167 1498
928.8086 707.4860 116.4028 120.4167 1499
931.5442 669.4081 120.4167 120.4167 1500
934.2947 631.3135 124.4306 120.4167 1501
937.0792 593.2274 128.4444 120.4167 1502
939.9064 555.1614 132.4583 120.4167 1503
942.7403 517.1190 136.4722 120.4167 1504
945.6225 479.1219 140.4861 120.4167 1505
948.5403 441.1795 144.5000 120.4167 1506
951.4964 403.2971 148.5139 120.4167 1507
954.4474 365.4119 152.5278 120.4167 1508
957.2348 328.1786 156.5417 120.4167 1509
927.0239 1277.4392 56.1944 124.4306 1533
929.5704 1240.0355 60.2083 124.4306 1534
932.1252 1202.5530 64.2222 124.4306 1535
934.6706 1164.9885 68.2361 124.4306 1536
937.2553 1127.3610 72.2500 124.4306 1537
939.8586 1089.6429 76.2639 124.4306 1538
942.4536 1051.8861 80.2778 124.4306 1539
945.0682 1014.0551 84.2917 124.4306 1540
947.7581 976.2202 88.3056 124.4306 1541
950.4673 938.3228 92.3194 124.4306 1542
953.1891 900.3994 96.3333 124.4306 1543
955.9588 862.4445 100.3472 124.4306 1544
958.7053 824.4410 104.3611 124.4306 1545
961.4457 786.4156 108.3750 124.4306 1546
964.1629 748.3839 112.3889 124.4306 1547
966.9070 710.4164 116.4028 124.4306 1548
969.6485 672.3641 120.4167 124.4306 1549
972.4161 634.2881 124.4306 124.4306 1550
975.2006 596.2211 128.4444 124.4306 1551
978.0085 558.1816 132.4583 124.4306 1552
980.8636 520.1617 136.4722 124.4306 1553
983.7321 482.1731 140.4861 124.4306 1554
986.6219 444.2537 144.5000 124.4306 1555
989.5458 406.3666 148.5139 124.4306 1556
992.5107 368.5381 152.5278 124.4306 1557
995.4387 330.8492 156.5417 124.4306 1558
998.3078 293.5656 160.5556 124.4306 1559
962.1390 1317.3091 52.1806 128.4444 1581
964.7195 1280.0333 56.1944 128.4444 1582
967.3161 1242.6495 60.2083 128.4444 1583
969.9014 1205.1868 64.2222 128.4444 1584
972.4924 1167.6320 68.2361 128.4444 1585
975.0840 1130.0222 72.2500 128.4444 1586
977.7241 1092.3455 76.2639 128.4444 1587
980.3519 1054.5807 80.2778 128.4444 1588
982.9971 1016.7943 84.2917 128.4444 1589
985.6996 978.9922 88.3056 128.4444 1590
988.4412 941.1027 92.3194 128.4444 1591
991.1776 903.2097 96.3333 128.4444 1592
993.9650 865.2772 100.3472 128.4444 1593
996.7189 827.2911 104.3611 128.4444 1594
999.4729 789.3087 108.3750 128.4444 1595
1002.2105 751.2999 112.3889 128.4444 1596
1004.9586 713.3638 116.4028 128.4444 1597
1007.7136 675.3338 120.4167 128.4444 1598
1010.4755 637.2776 124.4306 128.4444 1599
1013.2700 599.2367 128.4444 128.4444 1600
1016.0679 561.2228 132.4583 128.4444 1601
1018.9225 523.2214 136.4722 128.4444 1602
1021.7915 485.2602 140.4861 128.4444 1603
1024.6698 447.3579 144.5000 128.4444 1604
1027.5803 409.4809 148.5139 128.4444 1605
1030.4955 371.6350 152.5278 128.4444 1606
1033.4207 333.8608 156.5417 128.4444 1607
1036.3831 296.6105 160.5556 128.4444 1608
999.6953 1319.8630 52.1806 132.4583 1630
1002.3309 1282.6040 56.1944 132.4583 1631
1004.9500 1245.2539 60.2083 132.4583 1632
1007.5638 1207.8052 64.2222 132.4583 1633
1010.1894 1170.2734 68.2361 132.4583 1634
1012.8342 1132.6770 72.2500 132.4583 1635
1015.4913 1095.0295 76.2639 132.4583 1636
1018.1274 1057.3054 80.2778 132.4583 1637
1020.8017 1019.5208 84.2917 132.4583 1638
1037.3868 792.1932 108.3750 132.4583 1639
1040.1296 754.2123 112.3889 132.4583 1640
1042.8887 716.3093 116.4028 132.4583 1641
1045.6455 678.3087 120.4167 132.4583 1642
1048.4148 640.2803 124.4306 132.4583 1643
1051.2089 602.2665 128.4444 132.4583 1644
1054.0116 564.2787 132.4583 132.4583 1645
1056.8558 526.3065 136.4722 132.4583 1646
1059.7203 488.3678 140.4861 132.4583 1647
1062.5955 450.4808 144.5000 132.4583 1648
1065.5015 412.6076 148.5139 132.4583 1649
1068.3809 374.7859 152.5278 132.4583 1650
1071.2684 337.0619 156.5417 132.4583 1651
1074.1057 299.5591 160.5556 132.4583 1652
1034.6837 1359.5692 48.1667 136.4722 1673
1037.3275 1322.4170 52.1806 136.4722 1674
1039.9849 1285.1725 56.1944 136.4722 1675
1042.6395 1247.8407 60.2083 136.4722 1676
1045.2982 1210.4143 64.2222 136.4722 1677
1047.9448 1172.9042 68.2361 136.4722 1678
1050.5999 1135.3385 72.2500 136.4722 1679
1053.2975 1097.7017 76.2639 136.4722 1680
1055.9636 1060.0101 80.2778 136.4722 1681
1058.6495 1022.2539 84.2917 136.4722 1682
1075.3492 795.0983 108.3750 136.4722 1683
1078.0986 757.1419 112.3889 136.4722 1684
1080.8627 719.2701 116.4028 136.4722 1685
1083.6255 681.3019 120.4167 136.4722 1686
1086.4000 643.3061 124.4306 136.4722 1687
1089.1908 605.3208 128.4444 136.4722 1688
1092.0029 567.3611 132.4583 136.4722 1689
1094.8494 529.4179 136.4722 136.4722 1690
1097.6979 491.4925 140.4861 136.4722 1691
1100.5675 453.6211 144.5000 136.4722 1692
1103.4678 415.7845 148.5139 136.4722 1693
1106.3309 377.9846 152.5278 136.4722 1694
1109.1880 340.2614 156.5417 136.4722 1695
1112.0696 302.5974 160.5556 136.4722 1696
1072.2261 1362.0732 48.1667 140.4861 1717
1074.9043 1324.9437 52.1806 140.4861 1718
1077.5920 1287.7184 56.1944 140.4861 1719
1080.2906 1250.4186 60.2083 140.4861 1720
1082.9713 1213.0043 64.2222 140.4861 1721
1085.6362 1175.5195 68.2361 140.4861 1722
1088.3350 1137.9810 72.2500 140.4861 1723
1091.0454 1100.3862 76.2639 140.4861 1724
1093.7395 1062.7021 80.2778 140.4861 1725
1096.4573 1024.9897 84.2917 140.4861 1726
1113.2484 797.9971 108.3750 140.4861 1727
1116.0143 760.0848 112.3889 140.4861 1728
1118.7804 722.2425 116.4028 140.4861 1729
1121.5570 684.3096 120.4167 140.4861 1730
1124.3280 646.3340 124.4306 140.4861 1731
1127.1285 608.3836 128.4444 140.4861 1732
1129.9429 570.4470 132.4583 140.4861 1733
1132.7740 532.5358 136.4722 140.4861 1734
1135.6271 494.6419 140.4861 140.4861 1735
1138.5001 456.8016 144.5000 140.4861 1736
1141.3900 418.9891 148.5139 140.4861 1737
1144.2389 381.2023 152.5278 140.4861 1738
1147.0753 343.4841 156.5417 140.4861 1739
1149.9303 305.8628 160.5556 140.4861 1740
1101.5614 1475.5996 36.1250 144.5000 1758
1104.4266 1438.5519 40.1389 144.5000 1759
1107.0521 1401.5398 44.1528 144.5000 1760
1109.7235 1364.5502 48.1667 144.5000 1761
1112.4374 1327.4478 52.1806 144.5000 1762
1115.1571 1290.2526 56.1944 144.5000 1763
1117.8875 1252.9712 60.2083 144.5000 1764
1120.5911 1215.5835 64.2222 144.5000 1765
1123.3008 1178.1316 68.2361 144.5000 1766
1126.0070 1140.6122 72.2500 144.5000 1767
1128.7516 1103.0349 76.2639 144.5000 1768
1131.4761 1065.4142 80.2778 144.5000 1769
1134.2095 1027.7156 84.2917 144.5000 1770
1151.0741 800.9116 108.3750 144.5000 1771
1153.8665 763.0371 112.3889 144.5000 1772
1156.6339 725.2173 116.4028 144.5000 1773
1159.4333 687.3177 120.4167 144.5000 1774
1162.2007 649.3848 124.4306 144.5000 1775
1165.0068 611.4570 128.4444 144.5000 1776
1167.8085 573.5482 132.4583 144.5000 1777
1170.6389 535.6672 136.4722 144.5000 1778
1173.4976 497.8081 140.4861 144.5000 1779
1176.3719 459.9923 144.5000 144.5000 1780
1179.2504 422.2032 148.5139 144.5000 1781
1182.0878 384.4614 152.5278 144.5000 1782
1184.9110 346.7479 156.5417 144.5000 1783
1139.0322 1477.9025 36.1250 148.5139 1802
1141.7620 1440.9253 40.1389 148.5139 1803
1144.4587 1403.9808 44.1528 148.5139 1804
1147.1719 1367.0183 48.1667 148.5139 1805
1149.9121 1329.9307 52.1806 148.5139 1806
1152.6609 1292.7622 56.1944 148.5139 1807
1155.4272 1255.5010 60.2083 148.5139 1808
1158.1661 1218.1525 64.2222 148.5139 1809
1160.9047 1180.7346 68.2361 148.5139 1810
1163.6368 1143.2483 72.2500 148.5139 1811
1166.4014 1105.6880 76.2639 148.5139 1812
1169.1272 1068.0837 80.2778 148.5139 1813
1171.8977 1030.4501 84.2917 148.5139 1814
1188.8621 803.8232 108.3750 148.5139 1815
1191.6498 765.9784 112.3889 148.5139 1816
1194.4437 728.2006 116.4028 148.5139 1817
1197.2385 690.3347 120.4167 148.5139 1818
1200.0096 652.4326 124.4306 148.5139 1819
1202.8174 614.5371 128.4444 148.5139 1820
1205.6123 576.6653 132.4583 148.5139 1821
1208.4550 538.8145 136.4722 148.5139 1822
1211.3228 500.9907 140.4861 148.5139 1823
1214.1785 463.2012 144.5000 148.5139 1824
1217.0425 425.4534 148.5139 148.5139 1825
1219.8770 387.7197 152.5278 148.5139 1826
1222.6744 350.0444 156.5417 148.5139 1827
1176.3413 1480.1964 36.1250 152.5278 1846
1179.0925 1443.2638 40.1389 152.5278 1847
1184.5524 1369.4397 48.1667 152.5278 1849
1187.3346 1332.3950 52.1806 152.5278 1850
1190.1163 1295.2600 56.1944 152.5278 1851
1192.9072 1258.0232 60.2083 152.5278 1852
1195.6700 1220.7104 64.2222 152.5278 1853
1198.4418 1183.3330 68.2361 152.5278 1854
1201.2017 1145.8906 72.2500 152.5278 1855
1203.9800 1108.3596 76.2639 152.5278 1856
1206.7313 1070.7750 80.2778 152.5278 1857
1209.5093 1033.1577 84.2917 152.5278 1858
1212.3433 995.5306 88.3056 152.5278 1859
1215.1818 957.8321 92.3194 152.5278 1860
1218.0206 920.0897 96.3333 152.5278 1861
1220.9061 882.3611 100.3472 152.5278 1862
1223.7537 844.5513 104.3611 152.5278 1863
1226.5576 806.7258 108.3750 152.5278 1864
1229.3679 768.9287 112.3889 152.5278 1865
1232.1619 731.1866 116.4028 152.5278 1866
1234.9750 693.3522 120.4167 152.5278 1867
1237.7494 655.4922 124.4306 152.5278 1868
1240.5502 617.6412 128.4444 152.5278 1869
1243.3756 579.7941 132.4583 152.5278 1870
1246.1996 541.9722 136.4722 152.5278 1871
1249.0609 504.1682 140.4861 152.5278 1872
1251.9193 466.4362 144.5000 152.5278 1873
1254.7797 428.7030 148.5139 152.5278 1874
1257.5957 391.0164 152.5278 152.5278 1875
1260.3926 353.3829 156.5417 152.5278 1876
1213.5654 1482.4449 36.1250 156.5417 1895
1216.3972 1445.6022 40.1389 156.5417 1896
1221.8839 1371.8486 48.1667 156.5417 1898
1224.6969 1334.8413 52.1806 156.5417 1899
1227.5178 1297.7424 56.1944 156.5417 1900
1230.3351 1260.5366 60.2083 156.5417 1901
1233.1206 1223.2615 64.2222 156.5417 1902
1235.9188 1185.9210 68.2361 156.5417 1903
1238.6965 1148.5018 72.2500 156.5417 1904
1241.4972 1111.0076 76.2639 156.5417 1905
1244.2778 1073.4664 80.2778 156.5417 1906
1247.0696 1035.8812 84.2917 156.5417 1907
1249.9233 998.2792 88.3056 156.5417 1908
1252.7871 960.6030 92.3194 156.5417 1909
1255.6323 922.9238 96.3333 156.5417 1910
1258.5233 885.2031 100.3472 156.5417 1911
1261.3923 847.4475 104.3611 156.5417 1912
1264.2015 809.6516 108.3750 156.5417 1913
1267.0153 771.8814 112.3889 156.5417 1914
1269.8265 734.1618 116.4028 156.5417 1915
1272.6274 696.3758 120.4167 156.5417 1916
1275.4193 658.5499 124.4306 156.5417 1917
1278.2338 620.7277 128.4444 156.5417 1918
1281.0435 582.9271 132.4583 156.5417 1919
1283.8875 545.1284 136.4722 156.5417 1920
1286.7319 507.3737 140.4861 156.5417 1921
1289.5752 469.6523 144.5000 156.5417 1922
1292.4509 431.9847 148.5139 156.5417 1923
1295.2634 394.3335 152.5278 156.5417 1924
1298.0265 356.7185 156.5417 156.5417 1925
1250.7162 1484.7738 36.1250 160.5556 1944
1253.5422 1447.8851 40.1389 160.5556 1945
1256.3140 1411.0808 44.1528 160.5556 1946
1259.1256 1374.2272 48.1667 160.5556 1947
1261.9822 1337.2523 52.1806 160.5556 1948
1264.8477 1300.2003 56.1944 160.5556 1949
1267.6813 1263.0443 60.2083 160.5556 1950
1270.5039 1225.8040 64.2222 160.5556 1951
1273.3236 1188.4919 68.2361 160.5556 1952
1276.1262 1151.1088 72.2500 160.5556 1953
1278.9598 1113.6536 76.2639 160.5556 1954
1281.7538 1076.1331 80.2778 160.5556 1955
1284.5590 1038.5833 84.2917 160.5556 1956
1287.4325 1001.0278 88.3056 160.5556 1957
1290.3088 963.4059 92.3194 160.5556 1958
1293.1737 925.7381 96.3333 160.5556 1959
1296.0691 888.0574 100.3472 160.5556 1960
1298.9465 850.3297 104.3611 160.5556 1961
1301.7823 812.5834 108.3750 160.5556 1962
1304.5967 774.8231 112.3889 160.5556 1963
1307.4160 737.1568 116.4028 160.5556 1964
1310.2269 699.4078 120.4167 160.5556 1965
1313.0142 661.6096 124.4306 160.5556 1966
1315.8417 623.8270 128.4444 160.5556 1967
1318.6400 586.0679 132.4583 160.5556 1968
1321.4927 548.3131 136.4722 160.5556 1969
1324.3337 510.5818 140.4861 160.5556 1970
1327.1772 472.9088 144.5000 160.5556 1971
1330.0221 435.2637 148.5139 160.5556 1972
1332.8346 397.6524 152.5278 160.5556 1973
1335.5853 360.0879 156.5417 160.5556 1974
1290.6833 1450.1685 40.1389 164.5694 1994
1296.3357 1376.5840 48.1667 164.5694 1996
1299.2156 1339.6475 52.1806 164.5694 1997
1302.1122 1302.6428 56.1944 164.5694 1998
1304.9918 1265.5333 60.2083 164.5694 1999
1307.8494 1228.3306 64.2222 164.5694 2000
1310.6885 1191.0518 68.2361 164.5694 2001
1313.5269 1153.7070 72.2500 164.5694 2002
1316.3757 1116.3048 76.2639 164.5694 2003
1319.1869 1078.8358 80.2778 164.5694 2004
1322.0120 1041.3022 84.2917 164.5694 2005
1324.9004 1003.7701 88.3056 164.5694 2006
1327.8024 966.1737 92.3194 164.5694 2007
1330.6782 928.5573 96.3333 164.5694 2008
1333.5917 890.9196 100.3472 164.5694 2009
1336.4774 853.2169 104.3611 164.5694 2010
1339.3362 815.5043 108.3750 164.5694 2011
1342.1516 777.7914 112.3889 164.5694 2012
1344.9677 740.1523 116.4028 164.5694 2013
1347.7891 702.4475 120.4167 164.5694 2014
1350.5720 664.6745 124.4306 164.5694 2015
1353.3999 626.9404 128.4444 164.5694 2016
1356.2080 589.2107 132.4583 164.5694 2017
1359.0425 551.4986 136.4722 164.5694 2018
1361.8931 513.8079 140.4861 164.5694 2019
1364.7299 476.1607 144.5000 164.5694 2020
1367.5535 438.5634 148.5139 164.5694 2021
1370.3536 401.0047 152.5278 164.5694 2022
1373.0870 363.4871 156.5417 164.5694 2023
1327.7372 1452.4199 40.1389 168.5833 2043
1333.4608 1378.9299 48.1667 168.5833 2045
1336.3894 1342.0327 52.1806 168.5833 2046
1339.3141 1305.0598 56.1944 168.5833 2047
1342.2274 1268.0051 60.2083 168.5833 2048
1345.1101 1230.8508 64.2222 168.5833 2049
1347.9851 1193.6012 68.2361 168.5833 2050
1350.8463 1156.3080 72.2500 168.5833 2051
1353.7142 1118.9442 76.2639 168.5833 2052
1356.5468 1081.5059 80.2778 168.5833 2053
1359.4115 1044.0089 84.2917 168.5833 2054
1362.3070 1006.5177 88.3056 168.5833 2055
1365.2242 968.9642 92.3194 168.5833 2056
1368.1265 931.3830 96.3333 168.5833 2057
1371.0529 893.7729 100.3472 168.5833 2058
1373.9498 856.1133 104.3611 168.5833 2059
1376.8047 818.4463 108.3750 168.5833 2060
1379.6284 780.7542 112.3889 168.5833 2061
1382.4526 743.1586 116.4028 168.5833 2062
1385.2775 705.4847 120.4167 168.5833 2063
1388.0651 667.7599 124.4306 168.5833 2064
1390.8892 630.0540 128.4444 168.5833 2065
1393.6941 592.3735 132.4583 168.5833 2066
1396.5369 554.6863 136.4722 168.5833 2067
1399.3754 517.0381 140.4861 168.5833 2068
1402.1981 479.4528 144.5000 168.5833 2069
1405.0183 441.8933 148.5139 168.5833 2070
1407.8013 404.3710 152.5278 168.5833 2071
1410.5201 366.8931 156.5417 168.5833 2072
1364.6606 1454.6035 40.1389 172.5972 2092
1370.5098 1381.2272 48.1667 172.5972 2094
1373.4695 1344.3977 52.1806 172.5972 2095
1376.4337 1307.4788 56.1944 172.5972 2096
1379.3804 1270.4517 60.2083 172.5972 2097
1382.2966 1233.3394 64.2222 172.5972 2098
1385.1918 1196.1434 68.2361 172.5972 2099
1388.0752 1158.8938 72.2500 172.5972 2100
1390.9801 1121.5643 76.2639 172.5972 2101
1393.8501 1084.1566 80.2778 172.5972 2102
1396.7180 1046.7098 84.2917 172.5972 2103
1399.6295 1009.2526 88.3056 172.5972 2104
1402.5660 971.7232 92.3194 172.5972 2105
1405.4908 934.1831 96.3333 172.5972 2106
1408.4365 896.6137 100.3472 172.5972 2107
1411.3367 859.0120 104.3611 172.5972 2108
1414.1968 821.3806 108.3750 172.5972 2109
1417.0345 783.7313 112.3889 172.5972 2110
1419.8641 746.1678 116.4028 172.5972 2111
1422.6804 708.5250 120.4167 172.5972 2112
1425.4836 670.8429 124.4306 172.5972 2113
1428.3068 633.1713 128.4444 172.5972 2114
1431.1062 595.5332 132.4583 172.5972 2115
1433.9432 557.8995 136.4722 172.5972 2116
1436.7781 520.2880 140.4861 172.5972 2117
1439.5930 482.7354 144.5000 172.5972 2118
1442.4115 445.2223 148.5139 172.5972 2119
1445.1646 407.7415 152.5278 172.5972 2120
1401.4862 1456.7970 40.1389 176.6111 2141
1404.5288 1420.1685 44.1528 176.6111 2142
1407.4650 1383.4855 48.1667 176.6111 2143
1410.4618 1346.7227 52.1806 176.6111 2144
1413.4658 1309.8583 56.1944 176.6111 2145
1416.4474 1272.8894 60.2083 176.6111 2146
1419.3987 1235.8174 64.2222 176.6111 2147
1422.3296 1198.6667 68.2361 176.6111 2148
1425.2385 1161.4639 72.2500 176.6111 2149
1428.1671 1124.1687 76.2639 176.6111 2150
1431.0559 1086.8247 80.2778 176.6111 2151
1433.9543 1049.4095 84.2917 176.6111 2152
1436.8906 1011.9907 88.3056 176.6111 2153
1439.8364 974.4995 92.3194 176.6111 2154
1442.7710 936.9952 96.3333 176.6111 2155
1445.7076 899.4855 100.3472 176.6111 2156
1448.6201 861.9111 104.3611 176.6111 2157
1451.5039 824.3063 108.3750 176.6111 2158
1454.3672 786.7042 112.3889 176.6111 2159
1457.1763 749.1802 116.4028 176.6111 2160
1460.0144 711.5688 120.4167 176.6111 2161
1462.8202 673.9344 124.4306 176.6111 2162
1465.6322 636.2996 128.4444 176.6111 2163
1468.4464 598.6923 132.4583 176.6111 2164
1471.2765 561.0997 136.4722 176.6111 2165
1474.0886 523.5447 140.4861 176.6111 2166
1476.8990 486.0390 144.5000 176.6111 2167
1479.6948 448.5733 148.5139 176.6111 2168
1482.4351 411.1395 152.5278 176.6111 2169
1447.3833 1349.0325 52.1806 180.6250 2193
1450.4185 1312.2155 56.1944 180.6250 2194
1453.4281 1275.2993 60.2083 180.6250 2195
1456.4072 1238.2765 64.2222 180.6250 2196
1459.3759 1201.1746 68.2361 180.6250 2197
1462.3165 1164.0099 72.2500 180.6250 2198
1465.2738 1126.7701 76.2639 180.6250 2199
1468.1768 1089.4711 80.2778 180.6250 2200
1471.0902 1052.0887 84.2917 180.6250 2201
1474.0435 1014.7098 88.3056 180.6250 2202
1477.0074 977.2634 92.3194 180.6250 2203
1479.9563 939.8180 96.3333 180.6250 2204
1482.9152 902.3447 100.3472 180.6250 2205
1485.8453 864.7910 104.3611 180.6250 2206
1488.7240 827.2283 108.3750 180.6250 2207
1491.5782 789.6718 112.3889 180.6250 2208
1494.4183 752.1874 116.4028 180.6250 2209
1497.2634 714.6132 120.4167 180.6250 2210
1500.0488 677.0180 124.4306 180.6250 2211
1502.8770 639.4352 128.4444 180.6250 2212
1505.6808 601.8752 132.4583 180.6250 2213
1508.4943 564.3295 136.4722 180.6250 2214
1511.3119 526.8198 140.4861 180.6250 2215
1514.0975 489.3724 144.5000 180.6250 2216
1516.8879 451.9424 148.5139 180.6250 2217
1519.6101 414.5666 152.5278 180.6250 2218
1487.2694 1314.5439 56.1944 184.6389 2243
1490.3226 1277.6761 60.2083 184.6389 2244
1493.3425 1240.7141 64.2222 184.6389 2245
1496.3346 1203.6687 68.2361 184.6389 2246
1499.3041 1166.5494 72.2500 184.6389 2247
1502.2839 1129.3600 76.2639 184.6389 2248
1505.2136 1092.0989 80.2778 184.6389 2249
1508.1377 1054.7876 84.2917 184.6389 2250
1511.1106 1017.4482 88.3056 184.6389 2251
1514.0988 980.0263 92.3194 184.6389 2252
1517.0604 942.6143 96.3333 184.6389 2253
1520.0316 905.1854 100.3472 184.6389 2254
1522.9713 867.6770 104.3611 184.6389 2255
1525.8658 830.1602 108.3750 184.6389 2256
1528.7186 792.6392 112.3889 184.6389 2257
1531.5486 755.2025 116.4028 184.6389 2258
1534.4106 717.6596 120.4167 184.6389 2259
1537.1847 680.1176 124.4306 184.6389 2260
1540.0035 642.5736 128.4444 184.6389 2261
1542.8096 605.0576 132.4583 184.6389 2262
1545.6022 567.5602 136.4722 184.6389 2263
1548.4180 530.1049 140.4861 184.6389 2264
1551.1945 492.7029 144.5000 184.6389 2265
1553.9635 455.3364 148.5139 184.6389 2266
1524.0206 1316.8644 56.1944 188.6528 2292
1527.1061 1280.0505 60.2083 188.6528 2293
1530.1564 1243.1333 64.2222 188.6528 2294
1533.1810 1206.1379 68.2361 188.6528 2295
1536.1890 1169.0709 72.2500 188.6528 2296
1539.1857 1131.9349 76.2639 188.6528 2297
1542.1475 1094.7260 80.2778 188.6528 2298
1545.0972 1057.4614 84.2917 188.6528 2299
1548.0928 1020.1627 88.3056 188.6528 2300
1551.0909 982.7866 92.3194 188.6528 2301
1554.0640 945.4318 96.3333 188.6528 2302
1557.0522 908.0349 100.3472 188.6528 2303
1560.0033 870.5768 104.3611 188.6528 2304
1562.9059 833.0981 108.3750 188.6528 2305
1565.7683 795.6240 112.3889 188.6528 2306
1568.5918 758.2220 116.4028 188.6528 2307
1571.4391 720.7233 120.4167 188.6528 2308
1574.2383 683.2173 124.4306 188.6528 2309
1577.0366 645.7280 128.4444 188.6528 2310
1579.8340 608.2626 132.4583 188.6528 2311
1582.6112 570.8123 136.4722 188.6528 2312
1585.4220 533.4055 140.4861 188.6528 2313
1588.1793 496.0568 144.5000 188.6528 2314
1563.7716 1282.3885 60.2083 192.6667 2342
1566.8568 1245.5232 64.2222 192.6667 2343
1569.9164 1208.5807 68.2361 192.6667 2344
1572.9498 1171.5665 72.2500 192.6667 2345
1575.9684 1134.4921 76.2639 192.6667 2346
1578.9469 1097.3319 80.2778 192.6667 2347
1581.9342 1060.1093 84.2917 192.6667 2348
1584.9496 1022.8727 88.3056 192.6667 2349
1587.9689 985.5445 92.3194 192.6667 2350
1590.9489 948.2203 96.3333 192.6667 2351
1593.9507 910.8749 100.3472 192.6667 2352
1596.9125 873.4618 104.3611 192.6667 2353
1599.8198 836.0345 108.3750 192.6667 2354
1602.6814 798.6143 112.3889 192.6667 2355
1605.5135 761.2490 116.4028 192.6667 2356
1608.3646 723.7863 120.4167 192.6667 2357
1611.1500 686.3347 124.4306 192.6667 2358
1613.9506 648.9070 128.4444 192.6667 2359
1616.7244 611.4913 132.4583 192.6667 2360
1619.4979 574.0765 136.4722 192.6667 2361
1622.2799 536.7171 140.4861 192.6667 2362
1625.0269 499.4383 144.5000 192.6667 2363
1603.4410 1247.8975 64.2222 196.6806 2392
1606.5220 1211.0104 68.2361 196.6806 2393
1609.5826 1174.0459 72.2500 196.6806 2394
1612.6388 1137.0173 76.2639 196.6806 2395
1615.6504 1099.9255 80.2778 196.6806 2396
1618.6553 1062.7490 84.2917 196.6806 2397
1621.6896 1025.5593 88.3056 196.6806 2398
1624.7179 988.2996 92.3194 196.6806 2399
1627.7344 951.0119 96.3333 196.6806 2400
1630.7432 913.6958 100.3472 196.6806 2401
1633.7081 876.3367 104.3611 196.6806 2402
1636.6256 838.9681 108.3750 196.6806 2403
1639.4939 801.5985 112.3889 196.6806 2404
1642.3419 764.2811 116.4028 196.6806 2405
1645.1697 726.8765 120.4167 196.6806 2406
1647.9563 689.4675 124.4306 196.6806 2407
1650.7419 652.0911 128.4444 196.6806 2408
1653.5076 614.7222 132.4583 196.6806 2409
1656.2811 577.3719 136.4722 196.6806 2410
1659.0369 540.0643 140.4861 196.6806 2411
1643.0082 1213.4080 68.2361 200.6944 2442
1646.0958 1176.5018 72.2500 200.6944 2443
1649.1796 1139.5302 76.2639 200.6944 2444
1652.2141 1102.4862 80.2778 200.6944 2445
1655.2480 1065.3690 84.2917 200.6944 2446
1658.3127 1028.2177 88.3056 200.6944 2447
1661.3663 991.0230 92.3194 200.6944 2448
1664.3909 953.7881 96.3333 200.6944 2449
1667.4121 916.5297 100.3472 200.6944 2450
1670.3876 879.2100 104.3611 200.6944 2451
1673.3019 841.8942 108.3750 200.6944 2452
1676.1779 804.5826 112.3889 200.6944 2453
1679.0142 767.3250 116.4028 200.6944 2454
1681.8549 729.9717 120.4167 200.6944 2455
1684.6147 692.6107 124.4306 200.6944 2456
1687.4025 655.2894 128.4444 200.6944 2457
1690.1624 617.9886 132.4583 200.6944 2458
1679.3939 1215.7234 68.2361 204.7083 2491
1682.4779 1178.9290 72.2500 204.7083 2492
1685.5819 1142.0156 76.2639 204.7083 2493
1688.6519 1105.0304 80.2778 204.7083 2494
1691.7026 1067.9674 84.2917 204.7083 2495
1694.7817 1030.8940 88.3056 204.7083 2496
1697.8622 993.7272 92.3194 204.7083 2497
1700.8999 956.5599 96.3333 204.7083 2498
1703.9371 919.3526 100.3472 204.7083 2499
1706.9196 882.0861 104.3611 204.7083 2500
1709.8450 844.8242 108.3750 204.7083 2501
1712.7173 807.5758 112.3889 204.7083 2502
1715.5531 770.3651 116.4028 204.7083 2503
1718.3942 733.0730 120.4167 204.7083 2504
1721.1437 695.7829 124.4306 204.7083 2505
1723.9292 658.5028 128.4444 204.7083 2506
1718.7889 1181.2471 72.2500 208.7222 2541
1721.8763 1144.4375 76.2639 208.7222 2542
1724.9413 1107.5463 80.2778 208.7222 2543
1728.0178 1070.5414 84.2917 208.7222 2544
1731.1128 1033.5232 88.3056 208.7222 2545
1734.2008 996.4293 92.3194 208.7222 2546
1737.2664 959.3047 96.3333 208.7222 2547
1740.3215 922.1459 100.3472 208.7222 2548
1743.3124 884.9655 104.3611 208.7222 2549
1746.2305 847.7576 108.3750 208.7222 2550
1749.1024 810.5630 112.3889 208.7222 2551
1751.9462 773.4072 116.4028 208.7222 2552
1754.7717 736.1788 120.4167 208.7222 2553
1761.1199 1109.9540 80.2778 212.7361 2592
1764.2059 1073.0413 84.2917 212.7361 2593
1767.2954 1036.1217 88.3056 212.7361 2594
1773.4562 962.0464 96.3333 212.7361 2596
1776.5081 924.9752 100.3472 212.7361 2597
1779.5083 887.8419 104.3611 212.7361 2598
1782.4402 850.6955 108.3750 212.7361 2599
1799.8445 1075.6750 84.2917 216.7500 2642
1803.1536 1038.6136 88.3056 216.7500 2643
