627.8549 147.8107 84.2917 80.2778 1001
641.0922 109.2827 88.3056 80.2778 1002
654.4232 70.3471 92.3194 80.2778 1003
665.2076 163.9448 84.2917 84.2917 1050
678.5374 125.5832 88.3056 84.2917 1051
691.9896 86.8536 92.3194 84.2917 1052
705.5793 47.7407 96.3333 84.2917 1053
702.4111 180.1300 84.2917 88.3056 1099
715.8539 141.8332 88.3056 88.3056 1100
729.4823 103.1709 92.3194 88.3056 1101
743.2281 64.2151 96.3333 88.3056 1102
757.1311 24.9398 100.3472 88.3056 1103
726.0698 234.0542 80.2778 92.3194 1147
739.5161 196.1491 84.2917 92.3194 1148
753.1205 157.9799 88.3056 92.3194 1149
766.9093 119.4728 92.3194 92.3194 1150
780.8076 80.6489 96.3333 92.3194 1151
794.8821 41.5219 100.3472 92.3194 1152
749.5327 287.3965 76.2639 96.3333 1195
762.9663 249.9233 80.2778 96.3333 1196
776.5513 212.1221 84.2917 96.3333 1197
790.3264 174.0825 88.3056 96.3333 1198
804.2523 135.7112 92.3194 96.3333 1199
818.3134 97.0397 96.3333 96.3333 1200
832.5145 58.0581 100.3472 96.3333 1201
786.1877 303.0683 76.2639 100.3472 1244
799.7763 265.7147 80.2778 100.3472 1245
813.5198 228.0553 84.2917 100.3472 1246
827.4348 190.1472 88.3056 100.3472 1247
841.5115 151.9166 92.3194 100.3472 1248
855.7082 113.3909 96.3333 100.3472 1249
870.0543 74.5570 100.3472 100.3472 1250
884.5221 35.3867 104.3611 100.3472 1251
809.1373 355.5972 72.2500 104.3611 1292
822.7615 318.7016 76.2639 104.3611 1293
836.4983 281.4778 80.2778 104.3611 1294
850.4000 243.9525 84.2917 104.3611 1295
864.4516 206.1787 88.3056 104.3611 1296
878.6642 168.0787 92.3194 104.3611 1297
893.0019 129.6859 96.3333 104.3611 1298
907.4969 91.0258 100.3472 104.3611 1299
922.0989 52.0024 104.3611 104.3611 1300
831.8569 407.5057 68.2361 108.3750 1340
845.4612 371.0656 72.2500 108.3750 1341
859.2268 334.2876 76.2639 108.3750 1342
873.1055 297.1869 80.2778 108.3750 1343
887.1419 259.7881 84.2917 108.3750 1344
901.3494 222.1585 88.3056 108.3750 1345
915.6957 184.1965 92.3194 108.3750 1346
930.1738 145.9516 96.3333 108.3750 1347
944.8046 107.4307 100.3472 108.3750 1348
959.5327 68.5702 104.3611 108.3750 1349
974.3740 29.3869 108.3750 108.3750 1350
867.9476 422.8317 68.2361 112.3889 1389
881.7009 386.4862 72.2500 112.3889 1390
895.6069 349.8420 76.2639 112.3889 1391
909.6335 312.8700 80.2778 112.3889 1392
923.8112 275.6070 84.2917 112.3889 1393
938.1411 238.1065 88.3056 112.3889 1394
952.6316 200.2882 92.3194 112.3889 1395
967.2544 162.1810 96.3333 112.3889 1396
982.0013 123.8074 100.3472 112.3889 1397
996.8757 85.1007 104.3611 112.3889 1398
1011.8471 46.0689 108.3750 112.3889 1399
903.9527 438.0954 68.2361 116.4028 1438
917.8525 401.8770 72.2500 116.4028 1439
931.9083 365.3632 76.2639 116.4028 1440
946.0626 328.5157 80.2778 116.4028 1441
960.3782 291.3837 84.2917 116.4028 1442
974.8353 254.0160 88.3056 116.4028 1443
989.4659 216.3491 92.3194 116.4028 1444
1004.1990 178.3792 96.3333 116.4028 1445
1019.0906 140.1497 100.3472 116.4028 1446
1034.0897 101.5937 104.3611 116.4028 1447
1049.1891 62.7136 108.3750 116.4028 1448
1064.3917 23.5341 112.3889 116.4028 1449
939.8712 453.3295 68.2361 120.4167 1487
953.9102 417.2369 72.2500 120.4167 1488
968.0877 380.8401 76.2639 120.4167 1489
982.3933 344.1281 80.2778 120.4167 1490
996.8238 307.1257 84.2917 120.4167 1491
1011.4312 269.9023 88.3056 120.4167 1492
1026.1707 232.3625 92.3194 120.4167 1493
1041.0405 194.5436 96.3333 120.4167 1494
1056.0605 156.4598 100.3472 120.4167 1495
1071.1868 118.0478 104.3611 120.4167 1496
1086.3987 79.3336 108.3750 120.4167 1497
1101.7181 40.3053 112.3889 120.4167 1498
961.6421 504.1798 64.2222 124.4306 1535
975.6885 468.5252 68.2361 124.4306 1536
989.8616 432.5634 72.2500 124.4306 1537
1004.1770 396.2926 76.2639 124.4306 1538
1018.5955 359.7106 80.2778 124.4306 1539
1033.1718 322.8419 84.2917 124.4306 1540
1047.9003 285.7517 88.3056 124.4306 1541
1062.7665 248.3537 92.3194 124.4306 1542
1077.7628 210.6740 96.3333 124.4306 1543
1092.8990 172.7326 100.3472 124.4306 1544
1108.1342 134.4769 104.3611 124.4306 1545
1123.4762 95.9207 108.3750 124.4306 1546
1138.9205 57.0465 112.3889 124.4306 1547
997.2195 519.2174 64.2222 128.4444 1584
1011.3944 483.6782 68.2361 128.4444 1585
1025.6904 447.8459 72.2500 128.4444 1586
1040.1350 411.7034 76.2639 128.4444 1587
1054.6841 375.2561 80.2778 128.4444 1588
1069.3848 338.5192 84.2917 128.4444 1589
1084.2214 301.5634 88.3056 128.4444 1590
1099.2239 264.3054 92.3194 128.4444 1591
1114.3367 226.7724 96.3333 128.4444 1592
1129.5792 188.9772 100.3472 128.4444 1593
1144.9536 150.8654 104.3611 128.4444 1594
1160.4038 112.4570 108.3750 128.4444 1595
1175.9642 73.7392 112.3889 128.4444 1596
1191.5975 34.8372 116.4028 128.4444 1597
1046.9045 498.7657 68.2361 132.4583 1634
1061.3295 463.0569 72.2500 132.4583 1635
1075.9014 427.0494 76.2639 132.4583 1636
1090.5619 390.7279 80.2778 132.4583 1637
1105.3837 354.1247 84.2917 132.4583 1638
1197.1039 128.9272 108.3750 132.4583 1639
1212.7863 90.3688 112.3889 132.4583 1640
1228.5454 51.6019 116.4028 132.4583 1641
1082.3937 513.8536 68.2361 136.4722 1678
1096.9415 478.2751 72.2500 136.4722 1679
1111.6215 442.4067 76.2639 136.4722 1680
1126.4238 406.2154 80.2778 136.4722 1681
1141.3475 369.7482 84.2917 136.4722 1682
1233.7771 145.3929 108.3750 136.4722 1683
1249.5652 106.9909 112.3889 136.4722 1684
1265.4451 68.3813 116.4028 136.4722 1685
1281.4795 29.3976 120.4167 136.4722 1686
1117.7473 528.9041 68.2361 140.4861 1722
1132.4172 493.4514 72.2500 140.4861 1723
1147.2246 457.7168 76.2639 140.4861 1724
1162.1313 421.6558 80.2778 140.4861 1725
1177.1755 385.3359 84.2917 140.4861 1726
1270.2955 161.8266 108.3750 140.4861 1727
1286.1957 123.5730 112.3889 140.4861 1728
1302.1830 85.1216 116.4028 140.4861 1729
1318.3356 46.2945 120.4167 140.4861 1730
1152.9816 543.9035 68.2361 144.5000 1766
1167.7661 508.5820 72.2500 144.5000 1767
1182.6879 472.9872 76.2639 144.5000 1768
1197.7133 437.0732 80.2778 144.5000 1769
1212.8799 400.8784 84.2917 144.5000 1770
1306.6544 178.2192 108.3750 144.5000 1771
1322.6610 140.1177 112.3889 144.5000 1772
1338.7528 101.8196 116.4028 144.5000 1773
1355.0112 63.1414 120.4167 144.5000 1774
1371.3834 24.1374 124.4306 144.5000 1775
1202.9805 523.6749 72.2500 148.5139 1811
1218.0172 488.2087 76.2639 148.5139 1812
1233.1582 452.4429 80.2778 148.5139 1813
1248.4370 416.3814 84.2917 148.5139 1814
1342.8694 194.5736 108.3750 148.5139 1815
1358.9750 156.6289 112.3889 148.5139 1816
1375.1819 118.4838 116.4028 148.5139 1817
1391.5361 79.9556 120.4167 148.5139 1818
1408.0128 41.1009 124.4306 148.5139 1819
1223.0215 573.6174 68.2361 152.5278 1854
1238.0441 538.7130 72.2500 152.5278 1855
1253.2064 503.3908 76.2639 152.5278 1856
1268.4620 467.7567 80.2778 152.5278 1857
1283.8656 431.8480 84.2917 152.5278 1858
1299.3967 395.7071 88.3056 152.5278 1859
1315.0698 359.2859 92.3194 152.5278 1860
1330.8550 322.5943 96.3333 152.5278 1861
1346.7764 285.6502 100.3472 152.5278 1862
1362.8042 248.4115 104.3611 152.5278 1863
1378.9142 210.8967 108.3750 152.5278 1864
1395.1389 173.0844 112.3889 152.5278 1865
1411.4452 135.0858 116.4028 152.5278 1866
1427.9124 96.7227 120.4167 152.5278 1867
1444.4763 58.0246 124.4306 152.5278 1868
1257.8193 588.3772 68.2361 156.5417 1903
1288.2555 518.5193 76.2639 156.5417 1905
1303.6139 483.0244 80.2778 156.5417 1906
1319.1173 447.2581 84.2917 156.5417 1907
1334.7688 411.2682 88.3056 156.5417 1908
1350.5459 374.9875 92.3194 156.5417 1909
1366.4337 338.4442 96.3333 156.5417 1910
1382.4612 301.6342 100.3472 156.5417 1911
1398.5878 264.5383 104.3611 156.5417 1912
1414.8114 227.1601 108.3750 156.5417 1913
1431.1346 189.5083 112.3889 156.5417 1914
1447.5321 151.6554 116.4028 156.5417 1915
1464.1019 113.4466 120.4167 156.5417 1916
1480.7712 74.9062 124.4306 156.5417 1917
1497.5886 36.0778 128.4444 156.5417 1918
1292.4492 603.1267 68.2361 160.5556 1952
1307.7643 568.4518 72.2500 160.5556 1953
1323.1316 533.5834 76.2639 160.5556 1954
1338.6013 498.2397 80.2778 160.5556 1955
1354.2140 462.6165 84.2917 160.5556 1956
1369.9600 426.7741 88.3056 160.5556 1957
1385.8512 390.6357 92.3194 160.5556 1958
1401.8395 354.2375 96.3333 160.5556 1959
1417.9712 317.5736 100.3472 160.5556 1960
1434.1995 280.6170 104.3611 160.5556 1961
1450.5227 243.3839 108.3750 160.5556 1962
1466.9519 205.8657 112.3889 160.5556 1963
1483.4482 168.1603 116.4028 160.5556 1964
1500.1050 130.0965 120.4167 160.5556 1965
1516.8752 91.7196 124.4306 160.5556 1966
1533.7893 53.0481 128.4444 160.5556 1967
1326.8866 617.6623 68.2361 164.5694 2001
1342.4047 583.2986 72.2500 164.5694 2002
1357.8976 548.4826 76.2639 164.5694 2003
1373.4601 513.4185 80.2778 164.5694 2004
1389.1650 477.9468 84.2917 164.5694 2005
1405.0156 442.2385 88.3056 164.5694 2006
1421.0100 406.2451 92.3194 164.5694 2007
1437.1057 369.9968 96.3333 164.5694 2008
1453.3516 333.4769 100.3472 164.5694 2009
1469.6837 296.6605 104.3611 164.5694 2010
1486.0974 259.5657 108.3750 164.5694 2011
1502.6143 222.1993 112.3889 164.5694 2012
1519.2103 184.6422 116.4028 164.5694 2013
1535.9705 146.7246 120.4167 164.5694 2014
1552.8285 108.4944 124.4306 164.5694 2015
1569.8342 69.9908 128.4444 164.5694 2016
1586.9613 31.1827 132.4583 164.5694 2017
1376.7927 597.9177 72.2500 168.5833 2051
1392.5258 563.3943 76.2639 168.5833 2052
1408.1683 528.4055 80.2778 168.5833 2053
1423.9753 493.1902 84.2917 168.5833 2054
1439.9304 457.6496 88.3056 168.5833 2055
1456.0208 421.8051 92.3194 168.5833 2056
1472.2251 385.6956 96.3333 168.5833 2057
1488.5580 349.3279 100.3472 168.5833 2058
1504.9940 312.6506 104.3611 168.5833 2059
1521.5071 275.7086 108.3750 168.5833 2060
1538.1235 238.4880 112.3889 168.5833 2061
1554.8146 201.0776 116.4028 168.5833 2062
1571.6583 163.3096 120.4167 168.5833 2063
1588.6124 125.2264 124.4306 168.5833 2064
1605.7026 86.8810 128.4444 168.5833 2065
1622.9158 48.2308 132.4583 168.5833 2066
1442.6959 543.3975 80.2778 172.5972 2102
1458.5902 508.2376 84.2917 172.5972 2103
1490.8528 437.2894 92.3194 172.5972 2105
1507.1573 401.3410 96.3333 172.5972 2106
1523.5878 365.1165 100.3472 172.5972 2107
1540.1227 328.5886 104.3611 172.5972 2108
1556.7432 291.7919 108.3750 172.5972 2109
1573.4537 254.7195 112.3889 172.5972 2110
1590.2356 217.4570 116.4028 172.5972 2111
1607.1682 179.8395 120.4167 172.5972 2112
1624.1974 141.9139 124.4306 172.5972 2113
1641.3837 103.7026 128.4444 172.5972 2114
1658.6582 65.2227 132.4583 172.5972 2115
1558.4343 380.8308 100.3472 176.6111 2156
1575.0579 344.4599 104.3611 176.6111 2157
1591.7777 307.8099 108.3750 176.6111 2158
1608.5651 270.9002 112.3889 176.6111 2159
1625.4459 233.7684 116.4028 176.6111 2160
1642.4669 196.3027 120.4167 176.6111 2161
1659.5758 158.5273 124.4306 176.6111 2162
1676.8240 120.4831 128.4444 176.6111 2163
1576.3801 432.1572 96.3333 180.6250 2204
1593.0226 396.2697 100.3472 180.6250 2205
1609.7717 360.0720 104.3611 180.6250 2206
1626.5779 323.6092 108.3750 180.6250 2207
1643.4756 286.8662 112.3889 180.6250 2208
1660.4084 249.9422 116.4028 180.6250 2209
1677.5006 212.6476 120.4167 180.6250 2210
1694.6641 175.0291 124.4306 180.6250 2211
1610.6365 447.3376 96.3333 184.6389 2253
1627.1730 411.5145 100.3472 184.6389 2254
1643.9691 375.6292 104.3611 184.6389 2255
1660.9374 339.3477 108.3750 184.6389 2256
1677.9429 302.7910 112.3889 184.6389 2257
1694.9707 265.9655 116.4028 184.6389 2258
1712.0048 228.8500 120.4167 184.6389 2259
1729.2340 191.3146 124.4306 184.6389 2260
1644.7190 463.9875 96.3333 188.6528 2302
1662.0442 428.1484 100.3472 188.6528 2303
