858.0874 218.2580 0.0000 0.0000 1 
840.4515 261.9096 30.0000 0.0000 2 
823.2332 304.9577 60.0000 0.0000 3 
806.1453 347.3926 90.0000 0.0000 4 
789.1492 389.2198 120.0000 0.0000 5 
772.7259 430.7124 150.0000 0.0000 6 
756.5942 471.4315 180.0000 0.0000 7 
740.6131 511.9307 210.0000 0.0000 8 
724.6232 551.8240 240.0000 0.0000 9 
709.1920 591.2266 270.0000 0.0000 10 
693.7613 630.2112 300.0000 0.0000 11 
814.9489 203.3884 0.0000 30.0000 12 
797.8636 246.8642 30.0000 30.0000 13 
780.7298 290.1321 60.0000 30.0000 14 
763.9952 332.4894 90.0000 30.0000 15 
747.5497 374.3388 120.0000 30.0000 16 
731.3517 415.4754 150.0000 30.0000 17 
715.2901 456.3971 180.0000 30.0000 18 
699.5505 496.6967 210.0000 30.0000 19 
684.0967 536.5266 240.0000 30.0000 20 
668.7495 576.1186 270.0000 30.0000 21 
653.8414 615.1031 300.0000 30.0000 22 
772.1519 188.1700 0.0000 60.0000 23 
755.3708 231.8574 30.0000 60.0000 24 
738.5165 274.9813 60.0000 60.0000 25 
722.2269 317.3618 90.0000 60.0000 26 
705.8948 359.4111 120.0000 60.0000 27 
689.8040 400.7046 150.0000 60.0000 28 
674.2427 441.4396 180.0000 60.0000 29 
658.8872 481.7067 210.0000 60.0000 30 
643.5227 521.4180 240.0000 60.0000 31 
628.6496 560.7615 270.0000 60.0000 32 
613.7455 599.7219 300.0000 60.0000 33 
729.4565 173.2703 0.0000 90.0000 34 
712.7701 217.0780 30.0000 90.0000 35 
696.7242 260.1322 60.0000 90.0000 36 
680.4728 302.6240 90.0000 90.0000 37 
664.5401 344.4965 120.0000 90.0000 38 
649.1771 385.7216 150.0000 90.0000 39 
633.4852 426.3871 180.0000 90.0000 40 
618.4614 466.6305 210.0000 90.0000 41 
603.5581 506.5072 240.0000 90.0000 42 
588.6973 545.7678 270.0000 90.0000 43 
574.0545 584.7755 300.0000 90.0000 44 
687.1868 158.2942 0.0000 120.0000 45 
670.8837 202.0473 30.0000 120.0000 46 
654.7939 244.9958 60.0000 120.0000 47 
639.0765 287.5050 90.0000 120.0000 48 
623.7654 329.5389 120.0000 120.0000 49 
608.2536 370.9567 150.0000 120.0000 50 
593.0760 411.6168 180.0000 120.0000 51 
578.1338 451.6632 210.0000 120.0000 52 
563.4528 491.3540 240.0000 120.0000 53 
548.9217 530.9369 270.0000 120.0000 54 
534.6568 569.7397 300.0000 120.0000 55 
644.7690 143.4054 0.0000 150.0000 56 
628.9680 187.1153 30.0000 150.0000 57 
613.3585 230.3137 60.0000 150.0000 58 
597.9392 272.8005 90.0000 150.0000 59 
582.8321 314.6809 120.0000 150.0000 60 
567.6885 355.9664 150.0000 150.0000 61 
553.0720 396.6654 180.0000 150.0000 62 
538.3921 436.8546 210.0000 150.0000 63 
523.7534 476.3633 240.0000 150.0000 64 
509.3395 515.9899 270.0000 150.0000 65 
495.2155 555.0525 300.0000 150.0000 66 
603.0784 128.3997 0.0000 180.0000 67 
587.4308 172.2377 30.0000 180.0000 68 
572.0025 215.3782 60.0000 180.0000 69 
556.9620 257.7410 90.0000 180.0000 70 
542.0762 299.9499 120.0000 180.0000 71 
527.4550 340.8888 150.0000 180.0000 72 
512.6052 381.7159 180.0000 180.0000 73 
498.3676 422.0517 210.0000 180.0000 74 
484.1015 462.0060 240.0000 180.0000 75 
470.1571 501.1688 270.0000 180.0000 76 
456.1414 540.3057 300.0000 180.0000 77 
561.1306 113.5600 0.0000 210.0000 78 
546.1969 157.3162 30.0000 210.0000 79 
531.1464 200.3600 60.0000 210.0000 80 
516.1000 243.0849 90.0000 210.0000 81 
501.7245 284.9837 120.0000 210.0000 82 
487.1856 326.2178 150.0000 210.0000 83 
472.7397 367.2043 180.0000 210.0000 84 
458.6961 407.2632 210.0000 210.0000 85 
444.7515 447.0354 240.0000 210.0000 86 
430.6352 486.4256 270.0000 210.0000 87 
417.0557 525.3950 300.0000 210.0000 88 
