665.3544 495.5210 0.0000 0.0000 1 
634.0842 522.5700 30.0000 0.0000 2 
602.7478 549.6089 60.0000 0.0000 3 
570.6619 577.3182 90.0000 0.0000 4 
538.4280 605.2027 120.0000 0.0000 5 
505.6373 633.4546 150.0000 0.0000 6 
472.6705 662.3584 180.0000 0.0000 7 
439.0970 691.4758 210.0000 0.0000 8 
405.3297 721.1838 240.0000 0.0000 9 
370.8334 751.0384 270.0000 0.0000 10 
335.6870 781.5491 300.0000 0.0000 11 
638.8302 463.4220 0.0000 30.0000 12 
607.2674 490.1635 30.0000 30.0000 13 
575.5656 517.3922 60.0000 30.0000 14 
543.4628 544.9426 90.0000 30.0000 15 
511.0728 572.7232 120.0000 30.0000 16 
478.0922 600.8887 150.0000 30.0000 17 
445.0635 629.1928 180.0000 30.0000 18 
411.1944 658.2782 210.0000 30.0000 19 
376.5693 687.6918 240.0000 30.0000 20 
342.0146 717.5009 270.0000 30.0000 21 
306.7887 748.0368 300.0000 30.0000 22 
611.9564 430.9562 0.0000 60.0000 23 
580.5069 457.9130 30.0000 60.0000 24 
548.4322 485.0348 60.0000 60.0000 25 
516.4518 512.0375 90.0000 60.0000 26 
483.4811 539.8936 120.0000 60.0000 27 
450.3989 568.0724 150.0000 60.0000 28 
416.8058 596.3821 180.0000 60.0000 29 
382.7220 625.1635 210.0000 60.0000 30 
348.2253 654.4133 240.0000 60.0000 31 
313.2620 684.1355 270.0000 60.0000 32 
277.8331 714.1741 300.0000 60.0000 33 
585.2247 398.6115 0.0000 90.0000 34 
553.4010 425.4804 30.0000 90.0000 35 
521.2930 452.4187 60.0000 90.0000 36 
488.7983 479.3475 90.0000 90.0000 37 
455.8409 507.0710 120.0000 90.0000 38 
422.5937 534.9117 150.0000 90.0000 39 
388.6964 563.1672 180.0000 90.0000 40 
354.2502 591.6023 210.0000 90.0000 41 
319.6199 620.6815 240.0000 90.0000 42 
284.1619 650.4238 270.0000 90.0000 43 
248.3857 680.3866 300.0000 90.0000 44 
558.4948 365.9428 0.0000 120.0000 45 
526.4209 392.6981 30.0000 120.0000 46 
494.1911 419.4585 60.0000 120.0000 47 
461.3103 446.7176 90.0000 120.0000 48 
428.2058 473.6957 120.0000 120.0000 49 
394.5797 501.6933 150.0000 120.0000 50 
360.3005 529.6682 180.0000 120.0000 51 
325.8359 558.3142 210.0000 120.0000 52 
290.6592 587.3574 240.0000 120.0000 53 
255.1051 616.5813 270.0000 120.0000 54 
218.8366 646.3873 300.0000 120.0000 55 
531.5568 333.2466 0.0000 150.0000 56 
499.2561 359.6427 30.0000 150.0000 57 
466.6041 386.5695 60.0000 150.0000 58 
433.4460 413.5826 90.0000 150.0000 59 
400.2779 440.8747 120.0000 150.0000 60 
365.9886 468.2832 150.0000 150.0000 61 
331.9832 496.3481 180.0000 150.0000 62 
297.1596 524.5165 210.0000 150.0000 63 
261.6376 553.4900 240.0000 150.0000 64 
225.5273 582.5469 270.0000 150.0000 65 
189.2656 612.2686 300.0000 150.0000 66 
504.2550 299.9515 0.0000 180.0000 67 
471.8849 326.6870 30.0000 180.0000 68 
438.9031 353.1884 60.0000 180.0000 69 
405.7658 379.8864 90.0000 180.0000 70 
371.9362 407.2388 120.0000 180.0000 71 
337.7677 434.7148 150.0000 180.0000 72 
303.2303 462.6971 180.0000 180.0000 73 
267.8660 490.9393 210.0000 180.0000 74 
232.1773 519.4566 240.0000 180.0000 75 
196.0224 548.5713 270.0000 180.0000 76 
159.1859 578.0461 300.0000 180.0000 77 
477.0844 266.6488 0.0000 210.0000 78 
444.0443 292.9856 30.0000 210.0000 79 
410.9753 319.5850 60.0000 210.0000 80 
377.4560 346.5558 90.0000 210.0000 81 
343.5151 373.4686 120.0000 210.0000 82 
308.8537 400.9075 150.0000 210.0000 83 
274.0750 428.6756 180.0000 210.0000 84 
238.4187 456.7486 210.0000 210.0000 85 
202.4013 485.4615 240.0000 210.0000 86 
166.1431 514.1084 270.0000 210.0000 87 
129.0253 543.4726 300.0000 210.0000 88 
