879.9618 602.1456 0.0000 0.0000 1 
840.9128 577.2821 30.0000 0.0000 2 
802.3495 552.9570 60.0000 0.0000 3 
764.2346 528.6826 90.0000 0.0000 4 
726.8824 505.0014 120.0000 0.0000 5 
689.9584 481.8363 150.0000 0.0000 6 
653.6971 458.6172 180.0000 0.0000 7 
617.5729 435.7264 210.0000 0.0000 8 
582.1419 412.9243 240.0000 0.0000 9 
547.0584 390.8527 270.0000 0.0000 10 
512.1911 368.5667 300.0000 0.0000 11 
906.4061 565.8416 0.0000 30.0000 12 
866.7611 541.2301 30.0000 30.0000 13 
827.4837 516.8183 60.0000 30.0000 14 
788.9611 492.8486 90.0000 30.0000 15 
751.0694 469.0028 120.0000 30.0000 16 
713.5083 445.5222 150.0000 30.0000 17 
676.7983 422.6172 180.0000 30.0000 18 
640.2197 399.7217 210.0000 30.0000 19 
604.2623 376.8435 240.0000 30.0000 20 
568.4862 354.8395 270.0000 30.0000 21 
533.3798 332.4552 300.0000 30.0000 22 
933.1959 529.2243 0.0000 60.0000 23 
893.1696 504.5298 30.0000 60.0000 24 
853.4054 479.9661 60.0000 60.0000 25 
814.2659 456.0986 90.0000 60.0000 26 
775.6220 432.3751 120.0000 60.0000 27 
737.6243 408.7314 150.0000 60.0000 28 
700.1961 385.7382 180.0000 60.0000 29 
663.2932 362.7755 210.0000 60.0000 30 
626.6174 340.0713 240.0000 60.0000 31 
590.6546 317.6744 270.0000 60.0000 32 
555.1309 295.5355 300.0000 60.0000 33 
960.9179 491.6578 0.0000 90.0000 34 
920.2277 466.6105 30.0000 90.0000 35 
879.9904 442.4476 60.0000 90.0000 36 
840.1090 418.3114 90.0000 90.0000 37 
801.0392 394.5759 120.0000 90.0000 38 
762.4619 371.1883 150.0000 90.0000 39 
724.3244 347.8332 180.0000 90.0000 40 
686.8989 324.9290 210.0000 90.0000 41 
649.7772 302.3279 240.0000 90.0000 42 
613.1821 279.7605 270.0000 90.0000 43 
577.0047 257.4930 300.0000 90.0000 44 
989.1105 453.1638 0.0000 120.0000 45 
947.7145 428.2511 30.0000 120.0000 46 
906.6391 403.8496 60.0000 120.0000 47 
866.6580 379.8017 90.0000 120.0000 48 
826.9094 355.9356 120.0000 120.0000 49 
787.6655 332.4790 150.0000 120.0000 50 
749.0816 309.3507 180.0000 120.0000 51 
711.1591 286.5078 210.0000 120.0000 52 
673.3935 263.6969 240.0000 120.0000 53 
636.2515 240.9954 270.0000 120.0000 54 
599.7833 218.6468 300.0000 120.0000 55 
1017.4446 413.7458 0.0000 150.0000 56 
975.8491 388.9885 30.0000 150.0000 57 
934.5529 364.4034 60.0000 150.0000 58 
893.5444 340.3320 90.0000 150.0000 59 
853.3072 316.5041 120.0000 150.0000 60 
813.7446 292.8684 150.0000 150.0000 61 
774.3634 269.7981 180.0000 150.0000 62 
735.7591 246.5602 210.0000 150.0000 63 
697.7361 224.0532 240.0000 150.0000 64 
659.9287 201.3724 270.0000 150.0000 65 
622.6567 178.8472 300.0000 150.0000 66 
1046.7418 373.6455 0.0000 180.0000 67 
1004.5640 348.7663 30.0000 180.0000 68 
962.6468 324.3912 60.0000 180.0000 69 
921.3193 300.0770 90.0000 180.0000 70 
880.4992 276.1086 120.0000 180.0000 71 
840.1361 252.7611 150.0000 180.0000 72 
800.3822 229.3050 180.0000 180.0000 73 
761.1330 206.4411 210.0000 180.0000 74 
722.4415 183.3975 240.0000 180.0000 75 
683.8597 160.8517 270.0000 180.0000 76 
646.1691 138.2652 300.0000 180.0000 77 
1076.0591 332.6435 0.0000 210.0000 78 
1033.7795 307.8819 30.0000 210.0000 79 
991.2980 283.2474 60.0000 210.0000 80 
949.5954 259.0739 90.0000 210.0000 81 
908.2368 234.9535 120.0000 210.0000 82 
867.2070 211.4618 150.0000 210.0000 83 
826.8442 188.0466 180.0000 210.0000 84 
787.0255 164.9612 210.0000 210.0000 85 
747.6060 142.2067 240.0000 210.0000 86 
708.9528 119.4118 270.0000 210.0000 87 
670.2043 96.8079 300.0000 210.0000 88 
