339.0741 162.1179 0.0000 0.0000 1 
381.9837 150.6531 30.0000 0.0000 2 
424.6861 139.5572 60.0000 0.0000 3 
468.2380 128.0261 90.0000 0.0000 4 
512.1354 116.2777 120.0000 0.0000 5 
556.2661 104.4947 150.0000 0.0000 6 
600.9398 92.5732 180.0000 0.0000 7 
645.8592 80.5217 210.0000 0.0000 8 
691.3628 68.1147 240.0000 0.0000 9 
737.6131 55.9360 270.0000 0.0000 10 
783.6384 43.3056 300.0000 0.0000 11 
351.6389 207.3188 0.0000 30.0000 12 
393.9357 196.4481 30.0000 30.0000 13 
436.5850 185.4047 60.0000 30.0000 14 
479.8215 174.3032 90.0000 30.0000 15 
522.9492 163.0333 120.0000 30.0000 16 
566.8122 151.3593 150.0000 30.0000 17 
610.9144 139.6738 180.0000 30.0000 18 
655.7159 127.9178 210.0000 30.0000 19 
700.6976 115.8144 240.0000 30.0000 20 
746.3941 103.7240 270.0000 30.0000 21 
792.4154 91.5325 300.0000 30.0000 22 
363.7428 251.7330 0.0000 60.0000 23 
405.9681 241.1549 30.0000 60.0000 24 
448.0411 230.5225 60.0000 60.0000 25 
490.8724 219.6381 90.0000 60.0000 26 
533.8434 208.5858 120.0000 60.0000 27 
577.0875 197.2986 150.0000 60.0000 28 
620.7827 185.8213 180.0000 60.0000 29 
665.4055 174.5765 210.0000 60.0000 30 
710.0049 162.7493 240.0000 60.0000 31 
755.3773 150.8550 270.0000 60.0000 32 
800.9647 138.9773 300.0000 60.0000 33 
375.8799 295.2963 0.0000 90.0000 34 
417.3484 285.0242 30.0000 90.0000 35 
459.5060 274.5790 60.0000 90.0000 36 
501.7579 264.0531 90.0000 90.0000 37 
544.4022 253.2706 120.0000 90.0000 38 
587.3121 242.1748 150.0000 90.0000 39 
630.5887 231.0632 180.0000 90.0000 40 
674.6507 220.0000 210.0000 90.0000 41 
718.9090 208.6554 240.0000 90.0000 42 
763.7611 197.1969 270.0000 90.0000 43 
809.5527 185.6911 300.0000 90.0000 44 
387.5830 337.9856 0.0000 120.0000 45 
428.9277 327.8619 30.0000 120.0000 46 
470.4641 317.8630 60.0000 120.0000 47 
512.2950 307.6164 90.0000 120.0000 48 
554.4255 297.1903 120.0000 120.0000 49 
597.1819 286.6410 150.0000 120.0000 50 
640.2286 275.6541 180.0000 120.0000 51 
683.9620 264.8100 210.0000 120.0000 52 
727.7478 253.7365 240.0000 120.0000 53 
772.3101 242.4932 270.0000 120.0000 54 
817.5690 231.2223 300.0000 120.0000 55 
399.0266 379.6725 0.0000 150.0000 56 
439.9555 369.9988 30.0000 150.0000 57 
481.1710 360.1204 60.0000 150.0000 58 
522.9298 350.0876 90.0000 150.0000 59 
564.6222 339.8926 120.0000 150.0000 60 
606.8514 329.6817 150.0000 150.0000 61 
649.7321 319.2143 180.0000 150.0000 62 
692.9229 308.6981 210.0000 150.0000 63 
736.6207 297.9576 240.0000 150.0000 64 
780.6735 286.8616 270.0000 150.0000 65 
825.4956 275.9980 300.0000 150.0000 66 
410.3329 421.0324 0.0000 180.0000 67 
450.9685 411.4491 30.0000 180.0000 68 
491.7821 401.7060 60.0000 180.0000 69 
532.9164 391.8754 90.0000 180.0000 70 
574.3481 381.9732 120.0000 180.0000 71 
616.6916 372.1183 150.0000 180.0000 72 
658.9982 361.7756 180.0000 180.0000 73 
701.6902 351.6898 210.0000 180.0000 74 
745.0185 341.2761 240.0000 180.0000 75 
788.9513 330.5360 270.0000 180.0000 76 
833.2186 320.0719 300.0000 180.0000 77 
421.4032 461.1714 0.0000 210.0000 78 
461.6805 451.9684 30.0000 210.0000 79 
502.3699 442.4389 60.0000 210.0000 80 
543.0546 432.9500 90.0000 210.0000 81 
584.2245 423.5133 120.0000 210.0000 82 
625.8114 413.8057 150.0000 210.0000 83 
668.2182 403.6004 180.0000 210.0000 84 
710.4306 393.9444 210.0000 210.0000 85 
753.4877 383.8527 240.0000 210.0000 86 
797.0115 373.6395 270.0000 210.0000 87 
841.2209 363.2514 300.0000 210.0000 88 
