562.0768 109.7648 0.0000 0.0000 1 
606.0871 106.9033 30.0000 0.0000 2 
651.0476 103.9726 60.0000 0.0000 3 
696.9780 100.7155 90.0000 0.0000 4 
744.1779 97.6342 120.0000 0.0000 5 
792.3319 94.5545 150.0000 0.0000 6 
841.5288 91.2384 180.0000 0.0000 7 
891.4807 88.0598 210.0000 0.0000 8 
942.6306 85.1151 240.0000 0.0000 9 
994.3145 82.3491 270.0000 0.0000 10 
1046.3686 79.9716 300.0000 0.0000 11 
563.0447 156.7310 0.0000 30.0000 12 
606.6067 154.4538 30.0000 30.0000 13 
651.0266 151.9243 60.0000 30.0000 14 
696.7335 149.5267 90.0000 30.0000 15 
743.2770 146.8559 120.0000 30.0000 16 
790.8586 144.1409 150.0000 30.0000 17 
839.7363 141.1522 180.0000 30.0000 18 
889.5070 138.3967 210.0000 30.0000 19 
940.1914 135.8606 240.0000 30.0000 20 
991.5238 133.4356 270.0000 30.0000 21 
1043.7199 131.1132 300.0000 30.0000 22 
563.7381 202.8474 0.0000 60.0000 23 
607.0947 201.1013 30.0000 60.0000 24 
651.0463 199.2000 60.0000 60.0000 25 
695.9945 196.9286 90.0000 60.0000 26 
742.2491 194.6952 120.0000 60.0000 27 
789.4025 192.7294 150.0000 60.0000 28 
837.8505 190.3338 180.0000 60.0000 29 
887.1856 188.0759 210.0000 60.0000 30 
937.6366 185.9606 240.0000 60.0000 31 
988.7780 183.6651 270.0000 60.0000 32 
1040.7607 181.7394 300.0000 60.0000 33 
564.7260 248.1745 0.0000 90.0000 34 
607.3516 246.5378 30.0000 90.0000 35 
650.8764 245.2209 60.0000 90.0000 36 
695.7075 243.5701 90.0000 90.0000 37 
741.2119 242.0369 120.0000 90.0000 38 
788.2609 240.1649 150.0000 90.0000 39 
835.8346 238.6968 180.0000 90.0000 40 
884.8094 236.7558 210.0000 90.0000 41 
934.7638 235.0311 240.0000 90.0000 42 
985.8024 233.5631 270.0000 90.0000 43 
1037.6654 231.9222 300.0000 90.0000 44 
565.5544 292.2734 0.0000 120.0000 45 
607.9011 291.1845 30.0000 120.0000 46 
650.7583 290.3277 60.0000 120.0000 47 
695.0171 289.3541 90.0000 120.0000 48 
740.3421 288.0989 120.0000 120.0000 49 
786.7378 286.7922 150.0000 120.0000 50 
834.0950 285.7767 180.0000 120.0000 51 
882.4133 284.5173 210.0000 120.0000 52 
932.0583 283.3610 240.0000 120.0000 53 
982.6606 282.1765 270.0000 120.0000 54 
1034.2871 280.9933 300.0000 120.0000 55 
566.1714 335.6259 0.0000 150.0000 56 
607.9281 335.1171 30.0000 150.0000 57 
650.9971 334.5302 60.0000 150.0000 58 
694.6721 333.9833 90.0000 150.0000 59 
739.4561 333.5217 120.0000 150.0000 60 
785.4018 332.5933 150.0000 150.0000 61 
832.0376 332.0616 180.0000 150.0000 62 
880.3333 331.1997 210.0000 150.0000 63 
929.5337 330.6340 240.0000 150.0000 64 
979.5565 330.1671 270.0000 150.0000 65 
1030.7573 329.4824 300.0000 150.0000 66 
567.1054 378.0371 0.0000 180.0000 67 
608.5953 377.8956 30.0000 180.0000 68 
650.9824 377.8463 60.0000 180.0000 69 
694.1892 377.8191 90.0000 180.0000 70 
738.5760 377.7258 120.0000 180.0000 71 
783.9432 377.4199 150.0000 180.0000 72 
830.5109 377.4028 180.0000 180.0000 73 
878.1316 377.3356 210.0000 180.0000 74 
926.8604 376.9307 240.0000 180.0000 75 
976.6965 376.9397 270.0000 180.0000 76 
1027.3862 376.7667 300.0000 180.0000 77 
567.7657 419.5140 0.0000 210.0000 78 
608.9807 420.0622 30.0000 210.0000 79 
650.9681 420.5217 60.0000 210.0000 80 
693.8930 420.9135 90.0000 210.0000 81 
737.7045 420.9236 120.0000 210.0000 82 
782.7214 421.4881 150.0000 210.0000 83 
828.9416 421.8804 180.0000 210.0000 84 
875.8559 422.0804 210.0000 210.0000 85 
924.2755 422.6777 240.0000 210.0000 86 
973.6001 422.8849 270.0000 210.0000 87 
1023.8680 423.2621 300.0000 210.0000 88 
