669.3837 441.9987 0.0000 0.0000 1 
629.4236 430.5180 30.0000 0.0000 2 
589.4751 418.9600 60.0000 0.0000 3 
549.0031 407.3799 90.0000 0.0000 4 
508.2251 395.5547 120.0000 0.0000 5 
467.1433 383.7163 150.0000 0.0000 6 
425.6458 371.4649 180.0000 0.0000 7 
383.4074 359.4628 210.0000 0.0000 8 
340.9642 347.1066 240.0000 0.0000 9 
297.9233 334.3914 270.0000 0.0000 10 
254.4679 321.7247 300.0000 0.0000 11 
682.6632 402.1783 0.0000 30.0000 12 
642.3214 390.4391 30.0000 30.0000 13 
602.0317 378.7966 60.0000 30.0000 14 
561.1414 366.8493 90.0000 30.0000 15 
520.1857 354.5789 120.0000 30.0000 16 
478.7414 342.3793 150.0000 30.0000 17 
436.7469 329.9501 180.0000 30.0000 18 
394.3600 317.1360 210.0000 30.0000 19 
351.5902 304.7534 240.0000 30.0000 20 
308.2473 291.6611 270.0000 30.0000 21 
264.1370 278.7623 300.0000 30.0000 22 
696.1903 361.3856 0.0000 60.0000 23 
655.6036 349.4160 30.0000 60.0000 24 
614.9401 337.4352 60.0000 60.0000 25 
573.6636 325.1290 90.0000 60.0000 26 
532.3055 312.6666 120.0000 60.0000 27 
490.3832 300.0382 150.0000 60.0000 28 
448.1524 287.3410 180.0000 60.0000 29 
405.5644 274.5454 210.0000 60.0000 30 
362.0716 261.5554 240.0000 60.0000 31 
318.2763 248.2223 270.0000 60.0000 32 
274.2847 234.6913 300.0000 60.0000 33 
710.0916 319.7887 0.0000 90.0000 34 
669.1421 307.5037 30.0000 90.0000 35 
627.9371 295.1119 60.0000 90.0000 36 
586.5849 282.4997 90.0000 90.0000 37 
544.4542 269.8152 120.0000 90.0000 38 
502.3041 257.0021 150.0000 90.0000 39 
459.6734 243.9729 180.0000 90.0000 40 
416.4992 230.6999 210.0000 90.0000 41 
372.9484 217.1344 240.0000 90.0000 42 
328.7913 203.7054 270.0000 90.0000 43 
284.1529 189.8564 300.0000 90.0000 44 
724.3982 277.1533 0.0000 120.0000 45 
682.9517 264.7465 30.0000 120.0000 46 
641.4835 252.0271 60.0000 120.0000 47 
599.6125 239.2504 90.0000 120.0000 48 
557.2321 226.0374 120.0000 120.0000 49 
514.4936 212.8369 150.0000 120.0000 50 
471.4833 199.2503 180.0000 120.0000 51 
427.9771 185.7792 210.0000 120.0000 52 
383.8279 172.2284 240.0000 120.0000 53 
339.2103 158.0604 270.0000 120.0000 54 
294.5500 144.1584 300.0000 120.0000 55 
739.0516 233.7011 0.0000 150.0000 56 
697.4145 220.9783 30.0000 150.0000 57 
655.4011 207.9531 60.0000 150.0000 58 
613.0302 194.6546 90.0000 150.0000 59 
570.0898 181.2230 120.0000 150.0000 60 
527.0908 167.8245 150.0000 150.0000 61 
483.6249 154.0294 180.0000 150.0000 62 
439.7330 139.9788 210.0000 150.0000 63 
395.2526 125.8217 240.0000 150.0000 64 
350.3288 111.5292 270.0000 150.0000 65 
304.8127 97.2406 300.0000 150.0000 66 
753.8960 189.2177 0.0000 180.0000 67 
711.6569 176.0302 30.0000 180.0000 68 
669.4855 162.7096 60.0000 180.0000 69 
626.6075 149.1921 90.0000 180.0000 70 
583.4444 135.4433 120.0000 180.0000 71 
539.8868 121.6945 150.0000 180.0000 72 
496.0554 107.4007 180.0000 180.0000 73 
451.7027 93.3084 210.0000 180.0000 74 
406.8568 78.7590 240.0000 180.0000 75 
361.5634 64.0248 270.0000 180.0000 76 
315.7143 49.3933 300.0000 180.0000 77 
769.1148 143.8370 0.0000 210.0000 78 
726.7366 130.3905 30.0000 210.0000 79 
683.8344 116.6025 60.0000 210.0000 80 
640.5108 102.7998 90.0000 210.0000 81 
597.0926 88.7212 120.0000 210.0000 82 
553.2172 74.2416 150.0000 210.0000 83 
508.7752 59.8480 180.0000 210.0000 84 
463.8267 45.2243 210.0000 210.0000 85 
418.6606 30.4557 240.0000 210.0000 86 
372.9451 15.7531 270.0000 210.0000 87 
326.8733 0.9113 300.0000 210.0000 88 
