270.0888 419.2724 0.0000 0.0000 1 
312.6716 408.4316 30.0000 0.0000 2 
354.8273 397.7325 60.0000 0.0000 3 
396.8677 386.8530 90.0000 0.0000 4 
438.7462 376.2254 120.0000 0.0000 5 
480.1631 365.4536 150.0000 0.0000 6 
521.3895 354.5859 180.0000 0.0000 7 
562.8215 343.8985 210.0000 0.0000 8 
603.9475 332.9115 240.0000 0.0000 9 
645.1816 322.3056 270.0000 0.0000 10 
686.2965 311.4756 300.0000 0.0000 11 
281.2938 461.1477 0.0000 30.0000 12 
323.6255 450.1029 30.0000 30.0000 13 
365.8990 439.2298 60.0000 30.0000 14 
407.6751 428.2663 90.0000 30.0000 15 
449.5099 417.6543 120.0000 30.0000 16 
490.9779 406.6587 150.0000 30.0000 17 
532.2973 395.9354 180.0000 30.0000 18 
573.7828 385.1042 210.0000 30.0000 19 
614.8736 374.4132 240.0000 30.0000 20 
656.1102 363.5495 270.0000 30.0000 21 
697.4380 352.6251 300.0000 30.0000 22 
292.0221 503.1030 0.0000 60.0000 23 
334.6798 491.8592 30.0000 60.0000 24 
376.7287 480.9390 60.0000 60.0000 25 
418.5942 469.9281 90.0000 60.0000 26 
460.3292 458.9285 120.0000 60.0000 27 
502.0209 448.0917 150.0000 60.0000 28 
543.4156 437.2055 180.0000 60.0000 29 
584.5251 426.4001 210.0000 60.0000 30 
625.9638 415.5062 240.0000 60.0000 31 
667.0062 404.7741 270.0000 60.0000 32 
708.1875 393.6994 300.0000 60.0000 33 
302.8210 544.8133 0.0000 90.0000 34 
345.3454 533.6362 30.0000 90.0000 35 
387.6323 522.6344 60.0000 90.0000 36 
429.6968 511.5377 90.0000 90.0000 37 
471.3090 500.3643 120.0000 90.0000 38 
512.8416 489.3503 150.0000 90.0000 39 
554.2935 478.5759 180.0000 90.0000 40 
595.6302 467.6591 210.0000 90.0000 41 
637.0113 456.9889 240.0000 90.0000 42 
678.2279 445.8771 270.0000 90.0000 43 
719.3342 435.0120 300.0000 90.0000 44 
313.7745 586.9440 0.0000 120.0000 45 
356.2212 575.7387 30.0000 120.0000 46 
398.4356 564.2618 60.0000 120.0000 47 
440.4039 553.0871 90.0000 120.0000 48 
482.2040 542.0626 120.0000 120.0000 49 
523.9044 531.1180 150.0000 120.0000 50 
565.0731 519.9290 180.0000 120.0000 51 
606.3803 509.0368 210.0000 120.0000 52 
647.8930 498.2200 240.0000 120.0000 53 
689.2010 487.2347 270.0000 120.0000 54 
730.6115 476.4101 300.0000 120.0000 55 
324.6564 629.2351 0.0000 150.0000 56 
367.0066 617.7380 30.0000 150.0000 57 
409.4131 606.1681 60.0000 150.0000 58 
451.3411 595.0803 90.0000 150.0000 59 
493.1563 583.6729 120.0000 150.0000 60 
535.0162 572.7766 150.0000 150.0000 61 
576.2425 561.5977 180.0000 150.0000 62 
617.8449 550.5008 210.0000 150.0000 63 
659.0198 539.6357 240.0000 150.0000 64 
700.3299 528.5562 270.0000 150.0000 65 
741.8358 517.8613 300.0000 150.0000 66 
335.3609 671.7282 0.0000 180.0000 67 
377.8030 659.8563 30.0000 180.0000 68 
420.2028 648.4738 60.0000 180.0000 69 
462.2434 636.9886 90.0000 180.0000 70 
504.0427 625.6560 120.0000 180.0000 71 
545.7035 614.2995 150.0000 180.0000 72 
587.3287 603.2992 180.0000 180.0000 73 
628.6426 592.1137 210.0000 180.0000 74 
670.2680 581.1747 240.0000 180.0000 75 
711.5806 570.2540 270.0000 180.0000 76 
753.3000 559.2077 300.0000 180.0000 77 
346.1719 714.1460 0.0000 210.0000 78 
388.6250 702.3562 30.0000 210.0000 79 
431.0237 690.8683 60.0000 210.0000 80 
473.2298 679.1324 90.0000 210.0000 81 
514.9817 667.8787 120.0000 210.0000 82 
556.7225 656.4861 150.0000 210.0000 83 
598.2038 645.4311 180.0000 210.0000 84 
640.0177 634.1992 210.0000 210.0000 85 
681.6147 623.1187 240.0000 210.0000 86 
723.1749 611.9183 270.0000 210.0000 87 
764.6517 601.1214 300.0000 210.0000 88 
