740.8329 586.8881 0.0000 0.0000 1 
727.7531 546.4387 30.0000 0.0000 2 
714.8494 505.9911 60.0000 0.0000 3 
701.8212 465.4200 90.0000 0.0000 4 
688.8667 424.3988 120.0000 0.0000 5 
675.8433 383.4080 150.0000 0.0000 6 
663.0233 342.0776 180.0000 0.0000 7 
649.9459 300.4560 210.0000 0.0000 8 
636.8435 258.7022 240.0000 0.0000 9 
623.7963 216.5647 270.0000 0.0000 10 
610.7305 174.0726 300.0000 0.0000 11 
783.1595 576.5150 0.0000 30.0000 12 
770.0143 535.3329 30.0000 30.0000 13 
756.7544 494.0016 60.0000 30.0000 14 
743.8660 452.7419 90.0000 30.0000 15 
730.7547 411.4122 120.0000 30.0000 16 
717.8310 369.5741 150.0000 30.0000 17 
704.5246 327.7756 180.0000 30.0000 18 
691.3899 285.5798 210.0000 30.0000 19 
678.3671 243.3221 240.0000 30.0000 20 
665.2505 200.4460 270.0000 30.0000 21 
652.1142 157.1764 300.0000 30.0000 22 
826.3836 565.3631 0.0000 60.0000 23 
813.3540 523.6094 30.0000 60.0000 24 
800.2183 481.9824 60.0000 60.0000 25 
787.0355 440.0168 90.0000 60.0000 26 
773.9426 397.8717 120.0000 60.0000 27 
760.7799 355.5886 150.0000 60.0000 28 
747.7016 312.9665 180.0000 60.0000 29 
734.4116 270.4040 210.0000 60.0000 30 
721.4407 227.0246 240.0000 60.0000 31 
707.9052 183.8073 270.0000 60.0000 32 
694.6734 139.8352 300.0000 60.0000 33 
871.4828 554.1559 0.0000 90.0000 34 
858.3714 511.7330 30.0000 90.0000 35 
845.0199 469.5104 60.0000 90.0000 36 
831.5485 426.7591 90.0000 90.0000 37 
818.4158 384.0699 120.0000 90.0000 38 
804.9742 341.2661 150.0000 90.0000 39 
791.7770 298.1917 180.0000 90.0000 40 
778.6234 254.4880 210.0000 90.0000 41 
765.3016 210.5998 240.0000 90.0000 42 
751.9573 166.5933 270.0000 90.0000 43 
738.2625 122.3504 300.0000 90.0000 44 
917.5651 542.5045 0.0000 120.0000 45 
904.2110 499.6978 30.0000 120.0000 46 
891.0260 456.5619 60.0000 120.0000 47 
877.3175 413.3664 90.0000 120.0000 48 
864.2143 369.8864 120.0000 120.0000 49 
850.8279 326.2937 150.0000 120.0000 50 
837.5543 282.1247 180.0000 120.0000 51 
823.9932 238.1601 210.0000 120.0000 52 
810.7091 193.6952 240.0000 120.0000 53 
797.0837 148.8404 270.0000 120.0000 54 
783.7295 103.9782 300.0000 120.0000 55 
965.0113 530.6511 0.0000 150.0000 56 
951.7069 487.0854 30.0000 150.0000 57 
938.0932 443.1592 60.0000 150.0000 58 
924.9885 399.3719 90.0000 150.0000 59 
911.2675 355.3651 120.0000 150.0000 60 
897.7209 310.8070 150.0000 150.0000 61 
884.2195 266.1465 180.0000 150.0000 62 
870.8697 221.2483 210.0000 150.0000 63 
857.3564 176.3007 240.0000 150.0000 64 
843.6447 131.0717 270.0000 150.0000 65 
830.0126 85.3239 300.0000 150.0000 66 
1013.6379 518.1599 0.0000 180.0000 67 
1000.2222 474.1157 30.0000 180.0000 68 
986.9538 429.7159 60.0000 180.0000 69 
973.2960 385.0367 90.0000 180.0000 70 
959.9883 339.8840 120.0000 180.0000 71 
946.3511 295.0525 150.0000 180.0000 72 
932.5996 249.5568 180.0000 180.0000 73 
918.8503 204.0662 210.0000 180.0000 74 
905.3567 158.3799 240.0000 180.0000 75 
891.4391 112.5295 270.0000 180.0000 76 
877.3489 66.4346 300.0000 180.0000 77 
1063.6635 505.7045 0.0000 210.0000 78 
1050.1161 460.5835 30.0000 210.0000 79 
1036.7241 415.5605 60.0000 210.0000 80 
1023.2668 370.1576 90.0000 210.0000 81 
1009.4152 324.4624 120.0000 210.0000 82 
995.8844 278.7877 150.0000 210.0000 83 
982.0978 232.9756 180.0000 210.0000 84 
968.2665 186.6192 210.0000 210.0000 85 
954.4306 140.5579 240.0000 210.0000 86 
940.3949 93.9151 270.0000 210.0000 87 
925.9423 47.0583 300.0000 210.0000 88 
