55.5550 264.0424 0.0000 0.0000 1 
97.3384 240.0975 30.0000 0.0000 2 
138.6593 215.9867 60.0000 0.0000 3 
179.6660 192.1473 90.0000 0.0000 4 
220.7660 168.3233 120.0000 0.0000 5 
261.1928 145.1419 150.0000 0.0000 6 
301.6905 121.6623 180.0000 0.0000 7 
341.7885 98.3443 210.0000 0.0000 8 
381.7305 75.1224 240.0000 0.0000 9 
421.3449 51.9330 270.0000 0.0000 10 
460.4587 28.9091 300.0000 0.0000 11 
84.4885 305.5659 0.0000 30.0000 12 
125.7889 281.7626 30.0000 30.0000 13 
166.6226 257.7960 60.0000 30.0000 14 
207.1380 234.4637 90.0000 30.0000 15 
247.5100 211.0034 120.0000 30.0000 16 
287.9003 187.5009 150.0000 30.0000 17 
327.5012 164.4446 180.0000 30.0000 18 
366.9472 141.3583 210.0000 30.0000 19 
406.1680 118.0297 240.0000 30.0000 20 
445.2340 95.1680 270.0000 30.0000 21 
484.2715 72.2184 300.0000 30.0000 22 
112.9032 346.2680 0.0000 60.0000 23 
153.4933 322.4732 30.0000 60.0000 24 
194.0875 298.8992 60.0000 60.0000 25 
234.1302 275.4215 90.0000 60.0000 26 
273.9353 252.3702 120.0000 60.0000 27 
313.6165 229.0927 150.0000 60.0000 28 
352.5417 206.2173 180.0000 60.0000 29 
391.5498 183.1961 210.0000 60.0000 30 
430.2386 160.5005 240.0000 60.0000 31 
468.6415 137.6766 270.0000 60.0000 32 
507.1164 114.6950 300.0000 60.0000 33 
140.6698 385.7235 0.0000 90.0000 34 
181.0246 362.4515 30.0000 90.0000 35 
220.7741 338.9978 60.0000 90.0000 36 
260.5014 315.6954 90.0000 90.0000 37 
299.4838 292.7720 120.0000 90.0000 38 
338.7178 269.7991 150.0000 90.0000 39 
377.1396 247.2039 180.0000 90.0000 40 
415.5803 224.2507 210.0000 90.0000 41 
453.7029 201.4043 240.0000 90.0000 42 
491.9024 178.8280 270.0000 90.0000 43 
529.4821 156.2233 300.0000 90.0000 44 
167.9094 424.7273 0.0000 120.0000 45 
207.4969 401.0475 30.0000 120.0000 46 
247.2087 378.0083 60.0000 120.0000 47 
286.0990 355.1717 90.0000 120.0000 48 
324.7371 332.1214 120.0000 120.0000 49 
363.2012 309.1658 150.0000 120.0000 50 
401.2931 286.6187 180.0000 120.0000 51 
438.9588 264.2522 210.0000 120.0000 52 
476.6120 241.5141 240.0000 120.0000 53 
514.1400 219.0808 270.0000 120.0000 54 
551.3847 196.5341 300.0000 120.0000 55 
194.4796 462.4445 0.0000 150.0000 56 
233.6579 439.1631 30.0000 150.0000 57 
272.5237 415.9366 60.0000 150.0000 58 
311.1474 393.3526 90.0000 150.0000 59 
349.1403 370.5422 120.0000 150.0000 60 
386.9575 347.8407 150.0000 150.0000 61 
424.5380 325.5595 180.0000 150.0000 62 
461.8098 302.9221 210.0000 150.0000 63 
499.1298 280.4397 240.0000 150.0000 64 
535.8184 258.4071 270.0000 150.0000 65 
572.6933 236.0506 300.0000 150.0000 66 
220.5704 499.3306 0.0000 180.0000 67 
259.2084 476.1714 30.0000 180.0000 68 
297.3829 453.3609 60.0000 180.0000 69 
335.4757 430.5356 90.0000 180.0000 70 
373.0126 407.9057 120.0000 180.0000 71 
410.2316 385.4637 150.0000 180.0000 72 
447.3268 363.1742 180.0000 180.0000 73 
484.0918 340.7765 210.0000 180.0000 74 
520.6054 318.6924 240.0000 180.0000 75 
557.2357 296.5305 270.0000 180.0000 76 
593.2394 274.5085 300.0000 180.0000 77 
245.7930 535.4232 0.0000 210.0000 78 
283.9263 512.2875 30.0000 210.0000 79 
321.7960 489.5540 60.0000 210.0000 80 
359.2110 466.7715 90.0000 210.0000 81 
396.2840 444.2156 120.0000 210.0000 82 
432.9468 422.0997 150.0000 210.0000 83 
469.3535 399.9863 180.0000 210.0000 84 
505.8563 377.8801 210.0000 210.0000 85 
541.9318 355.9827 240.0000 210.0000 86 
577.9435 334.0893 270.0000 210.0000 87 
613.5935 312.0576 300.0000 210.0000 88 
