633.7626 536.8236 0.0000 0.0000 1 
625.6686 496.3332 30.0000 0.0000 2 
617.6277 455.3436 60.0000 0.0000 3 
609.4933 413.9585 90.0000 0.0000 4 
601.3836 372.0792 120.0000 0.0000 5 
593.0624 329.7288 150.0000 0.0000 6 
584.3859 286.7139 180.0000 0.0000 7 
575.9739 242.9717 210.0000 0.0000 8 
567.1785 198.6308 240.0000 0.0000 9 
558.7071 153.6764 270.0000 0.0000 10 
549.5359 107.8474 300.0000 0.0000 11 
675.2407 530.0516 0.0000 30.0000 12 
667.2933 489.2319 30.0000 30.0000 13 
659.2517 447.8462 60.0000 30.0000 14 
651.2017 406.2139 90.0000 30.0000 15 
643.4545 363.8506 120.0000 30.0000 16 
635.1858 321.0438 150.0000 30.0000 17 
627.1547 277.4450 180.0000 30.0000 18 
618.6332 233.1732 210.0000 30.0000 19 
610.2964 188.0640 240.0000 30.0000 20 
601.4702 142.4912 270.0000 30.0000 21 
592.9824 96.2558 300.0000 30.0000 22 
717.6845 523.4552 0.0000 60.0000 23 
709.6927 481.9821 30.0000 60.0000 24 
701.8703 440.2232 60.0000 60.0000 25 
694.3192 397.9933 90.0000 60.0000 26 
686.2712 355.2483 120.0000 60.0000 27 
678.4962 311.7824 150.0000 60.0000 28 
670.1710 267.6170 180.0000 60.0000 29 
662.2899 222.6396 210.0000 60.0000 30 
654.1517 177.4531 240.0000 60.0000 31 
645.8300 131.3258 270.0000 60.0000 32 
637.2083 84.2460 300.0000 60.0000 33 
760.8786 516.6688 0.0000 90.0000 34 
753.2892 474.8913 30.0000 90.0000 35 
745.4998 432.7589 60.0000 90.0000 36 
738.0439 389.7381 90.0000 90.0000 37 
730.1931 346.2771 120.0000 90.0000 38 
722.4797 302.2014 150.0000 90.0000 39 
714.6661 257.5744 180.0000 90.0000 40 
706.7278 212.3867 210.0000 90.0000 41 
698.9307 166.5147 240.0000 90.0000 42 
690.8089 119.6751 270.0000 90.0000 43 
682.6520 72.3465 300.0000 90.0000 44 
805.0502 509.6716 0.0000 120.0000 45 
797.7303 467.3752 30.0000 120.0000 46 
790.1221 424.6341 60.0000 120.0000 47 
782.9090 381.2817 90.0000 120.0000 48 
775.4397 337.2616 120.0000 120.0000 49 
767.7391 292.5919 150.0000 120.0000 50 
760.1025 247.5376 180.0000 120.0000 51 
752.4355 201.6416 210.0000 120.0000 52 
744.5803 154.9783 240.0000 120.0000 53 
736.6709 107.9666 270.0000 120.0000 54 
728.5190 60.1914 300.0000 120.0000 55 
850.5557 502.5496 0.0000 150.0000 56 
843.1895 459.6826 30.0000 150.0000 57 
835.8099 416.2729 60.0000 150.0000 58 
828.7104 372.2681 90.0000 150.0000 59 
821.4786 327.8454 120.0000 150.0000 60 
814.1831 282.6180 150.0000 150.0000 61 
806.6279 236.9737 180.0000 150.0000 62 
799.2142 190.4816 210.0000 150.0000 63 
791.5075 143.2429 240.0000 150.0000 64 
783.7265 95.6421 270.0000 150.0000 65 
775.9706 47.4661 300.0000 150.0000 66 
896.8334 495.2854 0.0000 180.0000 67 
889.9165 451.7594 30.0000 180.0000 68 
882.7321 407.8149 60.0000 180.0000 69 
875.5903 363.4037 90.0000 180.0000 70 
868.5316 318.5320 120.0000 180.0000 71 
861.4041 272.7342 150.0000 180.0000 72 
854.2454 226.2736 180.0000 180.0000 73 
846.7392 179.3328 210.0000 180.0000 74 
839.5866 131.7438 240.0000 180.0000 75 
831.7777 83.6155 270.0000 180.0000 76 
824.0421 34.9493 300.0000 180.0000 77 
944.5246 487.9214 0.0000 210.0000 78 
937.3975 443.7611 30.0000 210.0000 79 
930.4933 399.3503 60.0000 210.0000 80 
923.7896 354.3295 90.0000 210.0000 81 
916.7549 308.5359 120.0000 210.0000 82 
909.6756 262.3239 150.0000 210.0000 83 
902.8405 215.6288 180.0000 210.0000 84 
895.6724 168.0233 210.0000 210.0000 85 
888.4113 119.9226 240.0000 210.0000 86 
880.7119 71.4112 270.0000 210.0000 87 
872.9509 22.5115 300.0000 210.0000 88 
