1013.0585 890.9224 0.0000 0.0000 1 
961.4076 887.4503 30.0000 0.0000 2 
910.3263 883.6489 60.0000 0.0000 3 
860.0659 879.5466 90.0000 0.0000 4 
810.3999 875.3112 120.0000 0.0000 5 
761.6168 871.2959 150.0000 0.0000 6 
714.0109 866.9295 180.0000 0.0000 7 
667.3325 862.7909 210.0000 0.0000 8 
621.6740 858.8170 240.0000 0.0000 9 
576.7965 854.8622 270.0000 0.0000 10 
532.8679 851.1323 300.0000 0.0000 11 
1011.6571 839.9004 0.0000 30.0000 12 
960.2372 836.5910 30.0000 30.0000 13 
909.4589 833.0699 60.0000 30.0000 14 
859.0274 829.2327 90.0000 30.0000 15 
809.8214 825.6347 120.0000 30.0000 16 
761.8174 821.5521 150.0000 30.0000 17 
714.3671 817.8297 180.0000 30.0000 18 
668.2175 814.3043 210.0000 30.0000 19 
623.0631 810.5278 240.0000 30.0000 20 
578.5248 807.2560 270.0000 30.0000 21 
535.2346 804.1553 300.0000 30.0000 22 
1009.7150 789.4544 0.0000 60.0000 23 
958.4238 786.3235 30.0000 60.0000 24 
907.7761 782.9789 60.0000 60.0000 25 
858.2666 779.7694 90.0000 60.0000 26 
809.3803 776.3722 120.0000 60.0000 27 
761.4385 773.0462 150.0000 60.0000 28 
714.7350 769.8793 180.0000 60.0000 29 
668.7492 766.5822 210.0000 60.0000 30 
624.1633 763.5362 240.0000 60.0000 31 
580.2068 760.7153 270.0000 60.0000 32 
537.2849 757.9916 300.0000 60.0000 33 
1007.7201 739.5356 0.0000 90.0000 34 
956.8830 736.9070 30.0000 90.0000 35 
906.3696 734.1050 60.0000 90.0000 36 
856.9797 731.0290 90.0000 90.0000 37 
808.5808 728.2515 120.0000 90.0000 38 
761.3439 725.5449 150.0000 90.0000 39 
715.1187 722.7512 180.0000 90.0000 40 
669.6919 720.1843 210.0000 90.0000 41 
625.2822 717.3664 240.0000 90.0000 42 
582.1087 715.1425 270.0000 90.0000 43 
539.3658 712.8763 300.0000 90.0000 44 
1005.5829 690.7436 0.0000 120.0000 45 
954.9145 688.4501 30.0000 120.0000 46 
905.0200 685.9476 60.0000 120.0000 47 
856.2062 683.7475 90.0000 120.0000 48 
808.0689 681.5143 120.0000 120.0000 49 
761.2074 678.9254 150.0000 120.0000 50 
715.3705 676.6430 180.0000 120.0000 51 
670.5018 674.6105 210.0000 120.0000 52 
626.5195 672.3936 240.0000 120.0000 53 
583.7424 670.4322 270.0000 120.0000 54 
541.5511 668.5114 300.0000 120.0000 55 
1003.1604 642.7273 0.0000 150.0000 56 
952.9106 640.9207 30.0000 150.0000 57 
903.4990 639.0598 60.0000 150.0000 58 
855.0357 637.0982 90.0000 150.0000 59 
807.6422 635.2582 120.0000 150.0000 60 
761.1437 633.3786 150.0000 150.0000 61 
715.8149 631.5907 180.0000 150.0000 62 
671.2242 629.7458 210.0000 150.0000 63 
627.7516 628.3267 240.0000 150.0000 64 
585.3218 626.7100 270.0000 150.0000 65 
543.4709 625.2457 300.0000 150.0000 66 
1001.1148 595.4826 0.0000 180.0000 67 
951.2124 594.3026 30.0000 180.0000 68 
901.9312 592.8748 60.0000 180.0000 69 
854.0594 591.4960 90.0000 180.0000 70 
807.0040 589.9366 120.0000 180.0000 71 
761.1757 588.8948 150.0000 180.0000 72 
716.0263 587.5008 180.0000 180.0000 73 
672.1256 586.4181 210.0000 180.0000 74 
629.0635 585.0879 240.0000 180.0000 75 
586.7941 584.0064 270.0000 180.0000 76 
545.4190 582.7763 300.0000 180.0000 77 
999.0409 549.5006 0.0000 210.0000 78 
949.3889 548.3585 30.0000 210.0000 79 
900.8363 547.6519 60.0000 210.0000 80 
852.8960 546.6480 90.0000 210.0000 81 
806.6255 545.9428 120.0000 210.0000 82 
761.0384 545.2538 150.0000 210.0000 83 
716.4543 544.3599 180.0000 210.0000 84 
672.9088 543.3348 210.0000 210.0000 85 
630.2666 542.8336 240.0000 210.0000 86 
588.3647 541.9674 270.0000 210.0000 87 
547.5120 541.3369 300.0000 210.0000 88 
