794.7215 570.6985 0.0000 0.0000 1 
761.5962 597.8174 30.0000 0.0000 2 
728.0426 624.6585 60.0000 0.0000 3 
694.5472 651.8911 90.0000 0.0000 4 
660.7254 679.4570 120.0000 0.0000 5 
626.5791 706.9520 150.0000 0.0000 6 
592.3934 735.2015 180.0000 0.0000 7 
558.0130 763.4679 210.0000 0.0000 8 
523.3870 791.9919 240.0000 0.0000 9 
488.2370 820.9558 270.0000 0.0000 10 
453.0784 850.0793 300.0000 0.0000 11 
766.9214 536.8669 0.0000 30.0000 12 
733.5743 563.3586 30.0000 30.0000 13 
700.2896 590.4442 60.0000 30.0000 14 
666.6862 617.4141 90.0000 30.0000 15 
632.9872 644.4688 120.0000 30.0000 16 
599.2530 672.0435 150.0000 30.0000 17 
564.9453 699.8126 180.0000 30.0000 18 
530.5520 727.8730 210.0000 30.0000 19 
496.0295 756.0946 240.0000 30.0000 20 
461.1186 784.6877 270.0000 30.0000 21 
425.6318 813.5547 300.0000 30.0000 22 
739.3913 503.1735 0.0000 60.0000 23 
706.1088 529.5680 30.0000 60.0000 24 
672.7316 556.3206 60.0000 60.0000 25 
639.4595 582.9687 90.0000 60.0000 26 
605.8762 609.9653 120.0000 60.0000 27 
571.9900 637.4364 150.0000 60.0000 28 
537.7537 664.9486 180.0000 60.0000 29 
503.4713 692.7032 210.0000 60.0000 30 
469.0367 720.4770 240.0000 60.0000 31 
433.8587 748.8928 270.0000 60.0000 32 
398.6847 777.5674 300.0000 60.0000 33 
712.0734 469.7848 0.0000 90.0000 34 
678.9812 495.9851 30.0000 90.0000 35 
645.7330 522.5709 60.0000 90.0000 36 
612.3051 549.2140 90.0000 90.0000 37 
578.9790 575.9399 120.0000 90.0000 38 
544.9760 603.0232 150.0000 90.0000 39 
510.9778 630.1638 180.0000 90.0000 40 
476.6059 657.5649 210.0000 90.0000 41 
442.1353 685.5015 240.0000 90.0000 42 
407.1656 713.5811 270.0000 90.0000 43 
371.5541 741.9071 300.0000 90.0000 44 
684.8933 436.7052 0.0000 120.0000 45 
651.9638 462.6370 30.0000 120.0000 46 
618.9118 489.0155 60.0000 120.0000 47 
585.4612 515.5646 90.0000 120.0000 48 
551.8784 542.0446 120.0000 120.0000 49 
518.3511 568.7088 150.0000 120.0000 50 
484.3981 595.7278 180.0000 120.0000 51 
450.0577 623.0997 210.0000 120.0000 52 
415.5318 650.7439 240.0000 120.0000 53 
380.2543 678.4464 270.0000 120.0000 54 
345.1133 706.4835 300.0000 120.0000 55 
658.2436 403.9647 0.0000 150.0000 56 
625.2727 429.8069 30.0000 150.0000 57 
592.1828 456.0169 60.0000 150.0000 58 
558.9270 481.9808 90.0000 150.0000 59 
525.3035 508.6119 120.0000 150.0000 60 
491.5376 534.8288 150.0000 150.0000 61 
457.8108 561.6846 180.0000 150.0000 62 
423.5158 588.8428 210.0000 150.0000 63 
388.8171 616.0123 240.0000 150.0000 64 
353.8402 643.5270 270.0000 150.0000 65 
318.5310 671.4202 300.0000 150.0000 66 
631.8272 371.2422 0.0000 180.0000 67 
598.9273 397.0028 30.0000 180.0000 68 
565.6884 422.8717 60.0000 180.0000 69 
532.4942 448.8263 90.0000 180.0000 70 
499.0150 474.9812 120.0000 180.0000 71 
465.1994 501.3506 150.0000 180.0000 72 
431.3524 527.9956 180.0000 180.0000 73 
396.9842 554.7239 210.0000 180.0000 74 
362.3433 581.5614 240.0000 180.0000 75 
327.4167 609.1490 270.0000 180.0000 76 
292.1213 636.8015 300.0000 180.0000 77 
605.1467 338.6100 0.0000 210.0000 78 
572.5462 364.4820 30.0000 210.0000 79 
539.4129 390.1954 60.0000 210.0000 80 
506.0379 416.0857 90.0000 210.0000 81 
472.8960 442.0428 120.0000 210.0000 82 
439.0565 468.2120 150.0000 210.0000 83 
405.0608 494.4649 180.0000 210.0000 84 
370.8873 521.1311 210.0000 210.0000 85 
335.9707 547.7422 240.0000 210.0000 86 
301.1035 574.7385 270.0000 210.0000 87 
265.7177 602.3444 300.0000 210.0000 88 
