350.7599 255.1385 0.0000 0.0000 1 
391.6032 271.7167 30.0000 0.0000 2 
432.1727 288.1885 60.0000 0.0000 3 
472.5460 304.6935 90.0000 0.0000 4 
512.7413 320.8880 120.0000 0.0000 5 
552.6200 336.8133 150.0000 0.0000 6 
592.3132 352.8844 180.0000 0.0000 7 
631.9934 368.6092 210.0000 0.0000 8 
671.4816 384.3941 240.0000 0.0000 9 
711.1007 400.0851 270.0000 0.0000 10 
750.4881 415.8316 300.0000 0.0000 11 
334.6935 295.5182 0.0000 30.0000 12 
375.6403 312.2949 30.0000 30.0000 13 
416.4551 328.6203 60.0000 30.0000 14 
456.7153 344.7213 90.0000 30.0000 15 
497.1203 360.7081 120.0000 30.0000 16 
536.9271 376.8384 150.0000 30.0000 17 
576.8465 392.8406 180.0000 30.0000 18 
616.3490 408.5772 210.0000 30.0000 19 
655.7914 424.3942 240.0000 30.0000 20 
695.5163 439.8266 270.0000 30.0000 21 
734.8979 455.4796 300.0000 30.0000 22 
318.7318 336.0687 0.0000 60.0000 23 
360.0194 352.6114 30.0000 60.0000 24 
400.4743 368.6823 60.0000 60.0000 25 
441.1006 384.6464 90.0000 60.0000 26 
481.1740 400.8024 120.0000 60.0000 27 
521.2092 416.6736 150.0000 60.0000 28 
561.0734 432.5156 180.0000 60.0000 29 
600.6809 448.1574 210.0000 60.0000 30 
640.2813 464.0116 240.0000 60.0000 31 
679.6941 479.7287 270.0000 60.0000 32 
719.2308 495.2563 300.0000 60.0000 33 
302.8356 376.4972 0.0000 90.0000 34 
343.8104 392.7182 30.0000 90.0000 35 
384.6067 408.8191 60.0000 90.0000 36 
425.2073 424.7510 90.0000 90.0000 37 
465.4482 440.8414 120.0000 90.0000 38 
505.5022 456.5318 150.0000 90.0000 39 
545.4449 472.3222 180.0000 90.0000 40 
584.8089 488.0051 210.0000 90.0000 41 
624.7226 503.6750 240.0000 90.0000 42 
664.2906 519.2420 270.0000 90.0000 43 
703.7438 535.0300 300.0000 90.0000 44 
286.7237 416.7869 0.0000 120.0000 45 
327.6414 432.8066 30.0000 120.0000 46 
368.7549 449.0165 60.0000 120.0000 47 
409.1560 464.8653 90.0000 120.0000 48 
449.6276 480.8266 120.0000 120.0000 49 
489.7258 496.4221 150.0000 120.0000 50 
529.6534 512.0745 180.0000 120.0000 51 
569.3361 527.9993 210.0000 120.0000 52 
609.0615 543.3539 240.0000 120.0000 53 
648.5960 558.8294 270.0000 120.0000 54 
688.3546 574.6339 300.0000 120.0000 55 
270.2662 457.4544 0.0000 150.0000 56 
311.6278 473.3334 30.0000 150.0000 57 
352.3146 489.4056 60.0000 150.0000 58 
393.2612 504.9445 90.0000 150.0000 59 
433.6735 520.8661 120.0000 150.0000 60 
474.0596 536.3310 150.0000 150.0000 61 
513.7324 552.1146 180.0000 150.0000 62 
553.5966 567.6691 210.0000 150.0000 63 
593.5551 583.4487 240.0000 150.0000 64 
633.1533 598.9055 270.0000 150.0000 65 
672.7896 614.5255 300.0000 150.0000 66 
253.9676 497.8109 0.0000 180.0000 67 
295.4876 513.9990 30.0000 180.0000 68 
336.4587 529.5962 60.0000 180.0000 69 
377.3658 545.3001 90.0000 180.0000 70 
417.7297 561.1596 120.0000 180.0000 71 
458.0986 576.6462 150.0000 180.0000 72 
498.0419 592.3346 180.0000 180.0000 73 
538.0312 607.9161 210.0000 180.0000 74 
577.8867 623.3972 240.0000 180.0000 75 
617.6898 638.8005 270.0000 180.0000 76 
657.1594 654.3895 300.0000 180.0000 77 
237.6637 538.7897 0.0000 210.0000 78 
279.0180 554.3286 30.0000 210.0000 79 
320.2297 570.2139 60.0000 210.0000 80 
361.0648 585.8389 90.0000 210.0000 81 
401.7277 601.2855 120.0000 210.0000 82 
441.9699 616.9144 150.0000 210.0000 83 
482.4107 632.4796 180.0000 210.0000 84 
522.4202 647.8832 210.0000 210.0000 85 
562.1422 663.3976 240.0000 210.0000 86 
601.9602 678.8793 270.0000 210.0000 87 
641.8434 694.4199 300.0000 210.0000 88 
