306.2439 125.6770 0.0000 0.0000 1 
351.4730 135.2338 30.0000 0.0000 2 
396.6140 144.4391 60.0000 0.0000 3 
441.4997 153.7522 90.0000 0.0000 4 
485.6305 162.8243 120.0000 0.0000 5 
529.7746 171.7096 150.0000 0.0000 6 
573.4047 180.8711 180.0000 0.0000 7 
616.8569 189.6095 210.0000 0.0000 8 
660.2661 198.1805 240.0000 0.0000 9 
703.2088 206.9035 270.0000 0.0000 10 
746.1850 215.3193 300.0000 0.0000 11 
299.5942 172.0312 0.0000 30.0000 12 
344.6154 181.5304 30.0000 30.0000 13 
389.4808 190.5414 60.0000 30.0000 14 
433.8653 199.5150 90.0000 30.0000 15 
477.7193 208.6173 120.0000 30.0000 16 
521.4100 217.4290 150.0000 30.0000 17 
565.0086 226.1776 180.0000 30.0000 18 
608.0592 234.7072 210.0000 30.0000 19 
650.9942 243.1027 240.0000 30.0000 20 
693.7721 251.4792 270.0000 30.0000 21 
736.5285 259.6886 300.0000 30.0000 22 
292.9571 217.9258 0.0000 60.0000 23 
337.8287 227.0479 30.0000 60.0000 24 
382.3640 235.9747 60.0000 60.0000 25 
426.2820 244.8633 90.0000 60.0000 26 
470.0998 253.7456 120.0000 60.0000 27 
513.5085 262.1389 150.0000 60.0000 28 
556.6527 270.7555 180.0000 60.0000 29 
599.4419 278.9834 210.0000 60.0000 30 
641.9886 287.3960 240.0000 60.0000 31 
684.5466 295.7766 270.0000 60.0000 32 
726.7802 303.6654 300.0000 60.0000 33 
286.5117 262.9924 0.0000 90.0000 34 
331.1270 271.8754 30.0000 90.0000 35 
375.3352 280.8375 60.0000 90.0000 36 
418.8820 289.2033 90.0000 90.0000 37 
462.4509 297.6562 120.0000 90.0000 38 
505.7255 306.1807 150.0000 90.0000 39 
548.5710 314.5002 180.0000 90.0000 40 
590.8085 322.6899 210.0000 90.0000 41 
633.3776 330.9695 240.0000 90.0000 42 
675.5717 338.8304 270.0000 90.0000 43 
717.4922 346.7840 300.0000 90.0000 44 
280.1391 307.5207 0.0000 120.0000 45 
324.3461 316.1306 30.0000 120.0000 46 
368.3320 324.7763 60.0000 120.0000 47 
411.9581 332.9429 90.0000 120.0000 48 
455.0863 341.2570 120.0000 120.0000 49 
497.9198 349.5655 150.0000 120.0000 50 
540.4063 357.7658 180.0000 120.0000 51 
582.6269 365.7971 210.0000 120.0000 52 
624.6129 373.8122 240.0000 120.0000 53 
666.7144 381.6761 270.0000 120.0000 54 
708.1341 389.4522 300.0000 120.0000 55 
273.7027 351.4806 0.0000 150.0000 56 
317.5779 359.6499 30.0000 150.0000 57 
361.4192 368.0334 60.0000 150.0000 58 
404.5166 376.1605 90.0000 150.0000 59 
447.4122 384.3422 120.0000 150.0000 60 
490.0132 392.3399 150.0000 150.0000 61 
532.3612 400.2333 180.0000 150.0000 62 
574.4588 408.0693 210.0000 150.0000 63 
616.2086 415.7404 240.0000 150.0000 64 
658.2101 423.7043 270.0000 150.0000 65 
699.3012 431.1385 300.0000 150.0000 66 
267.1236 394.4423 0.0000 180.0000 67 
310.9783 402.9288 30.0000 180.0000 68 
354.5792 410.8217 60.0000 180.0000 69 
397.5670 418.6379 90.0000 180.0000 70 
440.2487 426.5950 120.0000 180.0000 71 
482.5928 434.4132 150.0000 180.0000 72 
524.6240 442.0770 180.0000 180.0000 73 
566.3407 449.9913 210.0000 180.0000 74 
607.8725 457.5000 240.0000 180.0000 75 
649.2413 465.0865 270.0000 180.0000 76 
690.6258 472.7382 300.0000 180.0000 77 
260.7242 437.3196 0.0000 210.0000 78 
304.2360 445.2632 30.0000 210.0000 79 
347.5631 453.0619 60.0000 210.0000 80 
390.5029 460.6684 90.0000 210.0000 81 
432.5662 468.4003 120.0000 210.0000 82 
474.9826 476.0876 150.0000 210.0000 83 
516.7512 483.6175 180.0000 210.0000 84 
558.2720 491.0679 210.0000 210.0000 85 
599.4648 498.5507 240.0000 210.0000 86 
640.6474 506.1723 270.0000 210.0000 87 
681.9000 513.4544 300.0000 210.0000 88 
