690.1754 643.7827 0.0000 0.0000 1 
652.7787 662.8856 30.0000 0.0000 2 
614.8287 681.9227 60.0000 0.0000 3 
576.3274 701.6120 90.0000 0.0000 4 
537.3918 721.5715 120.0000 0.0000 5 
497.9216 742.0027 150.0000 0.0000 6 
457.7759 762.5145 180.0000 0.0000 7 
417.0787 783.6322 210.0000 0.0000 8 
375.5875 805.0343 240.0000 0.0000 9 
333.3801 826.3731 270.0000 0.0000 10 
290.7856 848.3871 300.0000 0.0000 11 
671.3708 604.8973 0.0000 30.0000 12 
634.0018 623.5828 30.0000 30.0000 13 
595.9002 642.3224 60.0000 30.0000 14 
557.4482 661.8521 90.0000 30.0000 15 
518.5049 681.3816 120.0000 30.0000 16 
478.9788 701.2557 150.0000 30.0000 17 
438.7917 721.4153 180.0000 30.0000 18 
398.0529 742.2282 210.0000 30.0000 19 
356.6422 763.0440 240.0000 30.0000 20 
314.4945 784.5689 270.0000 30.0000 21 
272.1042 805.9352 300.0000 30.0000 22 
652.3753 566.3182 0.0000 60.0000 23 
615.0020 584.6204 30.0000 60.0000 24 
577.3291 603.1339 60.0000 60.0000 25 
538.6956 622.1720 90.0000 60.0000 26 
500.0007 641.5239 120.0000 60.0000 27 
460.3743 660.9938 150.0000 60.0000 28 
420.1788 680.8519 180.0000 60.0000 29 
379.5285 701.1038 210.0000 60.0000 30 
337.9662 722.0175 240.0000 60.0000 31 
295.8825 742.6238 270.0000 60.0000 32 
252.9182 764.1652 300.0000 60.0000 33 
634.2087 528.1121 0.0000 90.0000 34 
596.6857 546.0371 30.0000 90.0000 35 
558.6855 564.4748 60.0000 90.0000 36 
520.2202 583.2010 90.0000 90.0000 37 
481.1973 601.8852 120.0000 90.0000 38 
441.7139 621.1390 150.0000 90.0000 39 
401.6623 640.8503 180.0000 90.0000 40 
360.8261 660.4501 210.0000 90.0000 41 
319.3655 680.8704 240.0000 90.0000 42 
277.2986 701.4190 270.0000 90.0000 43 
234.2990 722.2962 300.0000 90.0000 44 
615.6311 490.0086 0.0000 120.0000 45 
578.0556 507.9717 30.0000 120.0000 46 
540.1168 525.7494 60.0000 120.0000 47 
501.8427 544.2575 90.0000 120.0000 48 
462.6865 562.7665 120.0000 120.0000 49 
423.5055 581.8389 150.0000 120.0000 50 
383.1854 600.8877 180.0000 120.0000 51 
342.5213 620.1463 210.0000 120.0000 52 
300.8481 640.1048 240.0000 120.0000 53 
258.7668 660.2187 270.0000 120.0000 54 
216.0356 680.6399 300.0000 120.0000 55 
596.9884 452.3259 0.0000 150.0000 56 
559.6643 469.8619 30.0000 150.0000 57 
521.8421 487.4634 60.0000 150.0000 58 
483.3676 505.2902 90.0000 150.0000 59 
444.5292 523.8864 120.0000 150.0000 60 
404.9532 542.5025 150.0000 150.0000 61 
364.9315 561.1139 180.0000 150.0000 62 
323.9432 580.4256 210.0000 150.0000 63 
282.6185 599.8084 240.0000 150.0000 64 
240.2497 619.5026 270.0000 150.0000 65 
197.2471 639.5930 300.0000 150.0000 66 
579.0398 414.6171 0.0000 180.0000 67 
541.5734 432.0065 30.0000 180.0000 68 
503.5393 449.4531 60.0000 180.0000 69 
465.2214 467.1754 90.0000 180.0000 70 
426.2769 485.1712 120.0000 180.0000 71 
386.7882 503.2235 150.0000 180.0000 72 
346.6350 521.7642 180.0000 180.0000 73 
305.5265 540.1979 210.0000 180.0000 74 
264.2145 559.5998 240.0000 180.0000 75 
221.7814 578.9876 270.0000 180.0000 76 
178.8195 598.4787 300.0000 180.0000 77 
561.0071 377.3047 0.0000 210.0000 78 
523.6225 394.3993 30.0000 210.0000 79 
485.2975 411.4589 60.0000 210.0000 80 
447.0800 429.0069 90.0000 210.0000 81 
408.0910 446.4938 120.0000 210.0000 82 
368.3606 464.2647 150.0000 210.0000 83 
327.8899 482.6171 180.0000 210.0000 84 
287.2037 500.9444 210.0000 210.0000 85 
245.6187 519.5602 240.0000 210.0000 86 
203.5769 538.4945 270.0000 210.0000 87 
160.3556 557.8451 300.0000 210.0000 88 
