615.6712 564.3587 0.0000 0.0000 1 
586.5098 534.9053 30.0000 0.0000 2 
557.2629 505.4781 60.0000 0.0000 3 
527.6005 475.3834 90.0000 0.0000 4 
498.0759 445.3079 120.0000 0.0000 5 
467.9272 415.0305 150.0000 0.0000 6 
437.8635 384.3870 180.0000 0.0000 7 
407.0898 353.2358 210.0000 0.0000 8 
376.0419 321.8788 240.0000 0.0000 9 
344.9024 290.2395 270.0000 0.0000 10 
312.9605 257.9984 300.0000 0.0000 11 
646.1997 536.0035 0.0000 30.0000 12 
616.8817 506.5361 30.0000 30.0000 13 
587.4793 476.4419 60.0000 30.0000 14 
558.1534 446.3434 90.0000 30.0000 15 
528.3674 415.9631 120.0000 30.0000 16 
498.1840 385.2983 150.0000 30.0000 17 
467.9647 354.2327 180.0000 30.0000 18 
437.1887 322.8444 210.0000 30.0000 19 
406.2542 290.9261 240.0000 30.0000 20 
374.7177 258.8496 270.0000 30.0000 21 
343.1114 226.2247 300.0000 30.0000 22 
676.8633 507.3798 0.0000 60.0000 23 
647.5911 477.4202 30.0000 60.0000 24 
618.1696 447.2746 60.0000 60.0000 25 
588.7667 416.7320 90.0000 60.0000 26 
558.9582 386.0984 120.0000 60.0000 27 
528.8791 354.9911 150.0000 60.0000 28 
498.5932 323.6197 180.0000 60.0000 29 
467.7996 291.9472 210.0000 60.0000 30 
436.5098 259.8748 240.0000 60.0000 31 
405.0506 227.0776 270.0000 60.0000 32 
373.3569 194.4515 300.0000 60.0000 33 
708.3907 478.4263 0.0000 90.0000 34 
679.0162 448.0492 30.0000 90.0000 35 
649.3591 417.7588 60.0000 90.0000 36 
619.7827 386.9198 90.0000 90.0000 37 
590.0945 355.7521 120.0000 90.0000 38 
559.5805 324.4224 150.0000 90.0000 39 
529.2929 292.6639 180.0000 90.0000 40 
498.7010 260.5582 210.0000 90.0000 41 
467.4209 228.0358 240.0000 90.0000 42 
436.0429 195.1447 270.0000 90.0000 43 
404.2288 161.7736 300.0000 90.0000 44 
740.1214 449.0092 0.0000 120.0000 45 
710.7395 418.3890 30.0000 120.0000 46 
681.1696 387.3832 60.0000 120.0000 47 
651.4110 356.6122 90.0000 120.0000 48 
621.3418 325.0117 120.0000 120.0000 49 
591.2347 293.3752 150.0000 120.0000 50 
560.5355 261.0757 180.0000 120.0000 51 
529.8485 228.6993 210.0000 120.0000 52 
498.8235 195.7367 240.0000 120.0000 53 
467.1540 162.3741 270.0000 120.0000 54 
435.2116 128.4759 300.0000 120.0000 55 
772.2908 419.2407 0.0000 150.0000 56 
742.9095 388.2479 30.0000 150.0000 57 
713.2841 356.9608 60.0000 150.0000 58 
683.5082 325.5478 90.0000 150.0000 59 
653.5508 293.7593 120.0000 150.0000 60 
623.0106 261.5025 150.0000 150.0000 61 
592.5870 229.2074 180.0000 150.0000 62 
561.7782 196.3924 210.0000 150.0000 63 
530.3716 162.8249 240.0000 150.0000 64 
498.8491 129.2049 270.0000 150.0000 65 
467.1035 94.9548 300.0000 150.0000 66 
805.3044 388.8187 0.0000 180.0000 67 
775.6896 357.5759 30.0000 180.0000 68 
745.8829 325.9306 60.0000 180.0000 69 
715.9111 294.1706 90.0000 180.0000 70 
685.8766 261.9942 120.0000 180.0000 71 
655.4318 229.3307 150.0000 180.0000 72 
624.7518 196.5349 180.0000 180.0000 73 
593.6928 163.3125 210.0000 180.0000 74 
562.6973 129.6014 240.0000 180.0000 75 
531.1227 95.5099 270.0000 180.0000 76 
499.0325 60.9189 300.0000 180.0000 77 
838.7756 358.0540 0.0000 210.0000 78 
809.0134 326.3974 30.0000 210.0000 79 
779.1509 294.4890 60.0000 210.0000 80 
749.0176 262.2781 90.0000 210.0000 81 
718.9463 229.7076 120.0000 210.0000 82 
688.2963 196.8844 150.0000 210.0000 83 
657.6573 163.5446 180.0000 210.0000 84 
626.8118 129.7914 210.0000 210.0000 85 
595.1315 95.8056 240.0000 210.0000 86 
563.6630 61.1710 270.0000 210.0000 87 
531.6148 26.6184 300.0000 210.0000 88 
