976.1758 632.1359 0.0000 0.0000 1 
928.2118 639.1315 30.0000 0.0000 2 
881.0020 646.5326 60.0000 0.0000 3 
834.5837 653.2518 90.0000 0.0000 4 
788.8686 660.1084 120.0000 0.0000 5 
744.0343 666.9254 150.0000 0.0000 6 
699.6321 673.6259 180.0000 0.0000 7 
656.0479 680.0515 210.0000 0.0000 8 
613.4875 686.3249 240.0000 0.0000 9 
571.4254 692.9538 270.0000 0.0000 10 
529.9616 699.3154 300.0000 0.0000 11 
966.6271 586.6627 0.0000 30.0000 12 
918.9217 594.0931 30.0000 30.0000 13 
871.9466 601.4079 60.0000 30.0000 14 
825.3872 608.6725 90.0000 30.0000 15 
779.9297 615.6294 120.0000 30.0000 16 
735.3397 622.7391 150.0000 30.0000 17 
691.4852 629.7360 180.0000 30.0000 18 
648.2700 636.4435 210.0000 30.0000 19 
605.6147 643.3423 240.0000 30.0000 20 
563.9156 650.0459 270.0000 30.0000 21 
522.5374 656.7290 300.0000 30.0000 22 
956.9967 541.2682 0.0000 60.0000 23 
909.5119 549.0403 30.0000 60.0000 24 
862.4998 556.7266 60.0000 60.0000 25 
816.5907 564.1684 90.0000 60.0000 26 
771.2003 571.7905 120.0000 60.0000 27 
726.8173 579.2289 150.0000 60.0000 28 
683.2243 586.2301 180.0000 60.0000 29 
640.0935 593.6275 210.0000 60.0000 30 
597.8286 600.5667 240.0000 60.0000 31 
556.3220 607.5889 270.0000 60.0000 32 
515.0836 614.5608 300.0000 60.0000 33 
947.7239 496.0329 0.0000 90.0000 34 
900.3189 504.5045 30.0000 90.0000 35 
853.7865 512.4716 60.0000 90.0000 36 
807.6893 520.2324 90.0000 90.0000 37 
762.9043 528.0078 120.0000 90.0000 38 
718.4591 535.5094 150.0000 90.0000 39 
674.7631 543.3677 180.0000 90.0000 40 
632.0527 550.7694 210.0000 90.0000 41 
590.2236 558.1227 240.0000 90.0000 42 
548.8393 565.3972 270.0000 90.0000 43 
507.7466 572.6235 300.0000 90.0000 44 
938.5159 451.6654 0.0000 120.0000 45 
891.0935 459.9883 30.0000 120.0000 46 
844.8072 468.5265 60.0000 120.0000 47 
799.2470 476.4829 90.0000 120.0000 48 
754.0367 484.9596 120.0000 120.0000 49 
710.0464 492.7928 150.0000 120.0000 50 
666.8485 500.6589 180.0000 120.0000 51 
624.4026 508.6282 210.0000 120.0000 52 
582.5333 515.9582 240.0000 120.0000 53 
541.1552 523.7632 270.0000 120.0000 54 
500.4139 530.9885 300.0000 120.0000 55 
929.1830 407.0775 0.0000 150.0000 56 
882.1858 415.8564 30.0000 150.0000 57 
835.8634 424.6721 60.0000 150.0000 58 
790.4538 433.2209 90.0000 150.0000 59 
745.9969 441.8583 120.0000 150.0000 60 
701.9925 450.3324 150.0000 150.0000 61 
658.8773 458.2392 180.0000 150.0000 62 
616.5942 466.4127 210.0000 150.0000 63 
575.0559 474.3838 240.0000 150.0000 64 
533.8083 481.9998 270.0000 150.0000 65 
493.2659 489.7621 300.0000 150.0000 66 
919.9757 362.7137 0.0000 180.0000 67 
873.3534 371.8128 30.0000 180.0000 68 
827.2101 381.1197 60.0000 180.0000 69 
782.1010 390.1220 90.0000 180.0000 70 
737.5966 398.9430 120.0000 180.0000 71 
694.1087 407.7220 150.0000 180.0000 72 
651.1051 416.1136 180.0000 180.0000 73 
608.8755 424.3422 210.0000 180.0000 74 
567.3375 432.6313 240.0000 180.0000 75 
526.4147 440.8062 270.0000 180.0000 76 
485.9252 448.8400 300.0000 180.0000 77 
911.1308 318.6341 0.0000 210.0000 78 
864.5866 328.3494 30.0000 210.0000 79 
818.7500 337.8436 60.0000 210.0000 80 
773.6291 347.0664 90.0000 210.0000 81 
729.5758 356.2991 120.0000 210.0000 82 
686.0782 365.3828 150.0000 210.0000 83 
643.3571 374.1599 180.0000 210.0000 84 
601.2982 382.8355 210.0000 210.0000 85 
560.1145 391.3635 240.0000 210.0000 86 
519.1129 399.7236 270.0000 210.0000 87 
478.7169 407.7521 300.0000 210.0000 88 
