538.4057 471.3390 0.0000 0.0000 1 
533.9481 511.9850 30.0000 0.0000 2 
529.3769 553.3557 60.0000 0.0000 3 
524.5321 595.6177 90.0000 0.0000 4 
519.6506 638.7190 120.0000 0.0000 5 
514.6879 682.4726 150.0000 0.0000 6 
510.0056 727.2369 180.0000 0.0000 7 
504.6369 773.1037 210.0000 0.0000 8 
499.7125 820.0392 240.0000 0.0000 9 
494.1881 867.4750 270.0000 0.0000 10 
488.6769 916.0809 300.0000 0.0000 11 
497.6185 465.4006 0.0000 30.0000 12 
492.6026 506.3346 30.0000 30.0000 13 
487.6306 547.9407 60.0000 30.0000 14 
482.6024 590.3811 90.0000 30.0000 15 
477.2366 633.5107 120.0000 30.0000 16 
471.8809 677.7759 150.0000 30.0000 17 
466.1724 722.8783 180.0000 30.0000 18 
460.6665 769.0226 210.0000 30.0000 19 
455.0448 815.9439 240.0000 30.0000 20 
449.3084 863.8334 270.0000 30.0000 21 
443.2799 912.6842 300.0000 30.0000 22 
456.3174 459.4984 0.0000 60.0000 23 
450.8761 500.7157 30.0000 60.0000 24 
445.4455 542.4305 60.0000 60.0000 25 
439.8201 584.9835 90.0000 60.0000 26 
434.0421 628.6511 120.0000 60.0000 27 
428.1727 673.1419 150.0000 60.0000 28 
422.2251 718.1512 180.0000 60.0000 29 
416.2290 764.5416 210.0000 60.0000 30 
409.9503 811.8477 240.0000 60.0000 31 
403.4119 859.9451 270.0000 60.0000 32 
397.2662 909.3292 300.0000 60.0000 33 
414.1314 453.5992 0.0000 90.0000 34 
408.4350 495.0329 30.0000 90.0000 35 
402.7130 536.9808 60.0000 90.0000 36 
396.5442 579.9971 90.0000 90.0000 37 
390.2192 623.6005 120.0000 90.0000 38 
384.0583 668.0831 150.0000 90.0000 39 
377.6776 713.8815 180.0000 90.0000 40 
370.9664 760.3528 210.0000 90.0000 41 
364.2917 807.9227 240.0000 90.0000 42 
357.3995 856.3270 270.0000 90.0000 43 
350.4714 905.8793 300.0000 90.0000 44 
371.4248 447.4417 0.0000 120.0000 45 
365.3489 489.1429 30.0000 120.0000 46 
358.9530 531.3933 60.0000 120.0000 47 
352.5760 574.5110 90.0000 120.0000 48 
346.1787 618.4989 120.0000 120.0000 49 
339.0859 663.5285 150.0000 120.0000 50 
332.1370 709.4176 180.0000 120.0000 51 
325.0987 756.2012 210.0000 120.0000 52 
317.6496 804.0045 240.0000 120.0000 53 
310.4705 852.7716 270.0000 120.0000 54 
303.0198 902.1212 300.0000 120.0000 55 
328.0291 441.3557 0.0000 150.0000 56 
321.4834 483.0985 30.0000 150.0000 57 
314.7848 525.7725 60.0000 150.0000 58 
307.7959 569.2153 90.0000 150.0000 59 
300.7085 613.3530 120.0000 150.0000 60 
293.3087 658.7471 150.0000 150.0000 61 
286.1047 704.8747 180.0000 150.0000 62 
278.2241 751.9710 210.0000 150.0000 63 
270.6856 799.9492 240.0000 150.0000 64 
262.9590 848.8746 270.0000 150.0000 65 
255.0763 898.8052 300.0000 150.0000 66 
283.9782 434.8586 0.0000 180.0000 67 
277.0855 476.7827 30.0000 180.0000 68 
269.6315 519.8878 60.0000 180.0000 69 
262.4101 563.6901 90.0000 180.0000 70 
254.9730 608.3087 120.0000 180.0000 71 
246.8829 653.7740 150.0000 180.0000 72 
238.9977 700.2769 180.0000 180.0000 73 
230.9783 747.6762 210.0000 180.0000 74 
222.8096 796.0956 240.0000 180.0000 75 
214.4367 845.0386 270.0000 180.0000 76 
206.3172 894.7548 300.0000 180.0000 77 
239.0531 428.5816 0.0000 210.0000 78 
231.5595 471.0241 30.0000 210.0000 79 
223.8930 514.2054 60.0000 210.0000 80 
216.1399 558.2799 90.0000 210.0000 81 
208.0331 603.1533 120.0000 210.0000 82 
199.7860 648.7055 150.0000 210.0000 83 
191.5328 695.4969 180.0000 210.0000 84 
182.8189 742.9906 210.0000 210.0000 85 
174.0987 791.6379 240.0000 210.0000 86 
165.7543 841.0320 270.0000 210.0000 87 
157.2356 890.9386 300.0000 210.0000 88 
