957.6272 195.7147 0.0000 0.0000 1 
942.0656 241.9700 30.0000 0.0000 2 
926.6932 287.7549 60.0000 0.0000 3 
911.1986 332.8083 90.0000 0.0000 4 
896.0444 377.2219 120.0000 0.0000 5 
881.1252 421.0342 150.0000 0.0000 6 
866.2457 463.9843 180.0000 0.0000 7 
851.8925 506.3642 210.0000 0.0000 8 
837.9090 548.5620 240.0000 0.0000 9 
823.9028 589.7618 270.0000 0.0000 10 
810.5417 630.5321 300.0000 0.0000 11 
910.7388 184.0580 0.0000 30.0000 12 
895.4984 230.4125 30.0000 30.0000 13 
880.0403 275.6329 60.0000 30.0000 14 
865.0782 320.5723 90.0000 30.0000 15 
850.3657 364.7004 120.0000 30.0000 16 
836.0903 408.2146 150.0000 30.0000 17 
821.6717 451.1068 180.0000 30.0000 18 
807.8484 493.4178 210.0000 30.0000 19 
794.1195 535.0249 240.0000 30.0000 20 
780.5732 576.0517 270.0000 30.0000 21 
767.2582 616.8725 300.0000 30.0000 22 
864.4588 172.7315 0.0000 60.0000 23 
849.4398 218.7076 30.0000 60.0000 24 
834.8679 263.9122 60.0000 60.0000 25 
820.0258 308.5453 90.0000 60.0000 26 
805.6818 352.5910 120.0000 60.0000 27 
791.6843 395.8550 150.0000 60.0000 28 
777.7595 438.2961 180.0000 60.0000 29 
764.1490 480.2924 210.0000 60.0000 30 
751.0130 521.8285 240.0000 60.0000 31 
737.6790 562.5969 270.0000 60.0000 32 
724.9550 603.2824 300.0000 60.0000 33 
818.7946 161.2271 0.0000 90.0000 34 
804.0927 207.0482 30.0000 90.0000 35 
789.6649 252.3867 60.0000 90.0000 36 
775.5166 296.8283 90.0000 90.0000 37 
761.6683 340.4139 120.0000 90.0000 38 
748.1359 383.5877 150.0000 90.0000 39 
734.3886 425.9383 180.0000 90.0000 40 
721.2646 467.9297 210.0000 90.0000 41 
708.5281 508.9747 240.0000 90.0000 42 
695.5888 549.6546 270.0000 90.0000 43 
683.0116 589.7408 300.0000 90.0000 44 
773.8267 150.0975 0.0000 120.0000 45 
759.5620 195.7909 30.0000 120.0000 46 
745.6868 240.9295 60.0000 120.0000 47 
731.8646 285.0038 90.0000 120.0000 48 
718.2909 328.5698 120.0000 120.0000 49 
705.0274 371.4380 150.0000 120.0000 50 
692.0215 413.6828 180.0000 120.0000 51 
678.9573 455.1223 210.0000 120.0000 52 
666.5201 496.1131 240.0000 120.0000 53 
654.1842 536.5658 270.0000 120.0000 54 
641.9975 576.5690 300.0000 120.0000 55 
729.1550 139.4552 0.0000 150.0000 56 
715.6070 184.6017 30.0000 150.0000 57 
702.1389 229.4839 60.0000 150.0000 58 
688.5662 273.5787 90.0000 150.0000 59 
675.4958 316.7271 120.0000 150.0000 60 
662.7757 359.5057 150.0000 150.0000 61 
650.0778 401.5561 180.0000 150.0000 62 
637.6274 442.5778 210.0000 150.0000 63 
625.5795 483.3838 240.0000 150.0000 64 
613.3661 523.7503 270.0000 150.0000 65 
601.3852 563.6523 300.0000 150.0000 66 
685.4709 128.3387 0.0000 180.0000 67 
672.1867 173.5503 30.0000 180.0000 68 
659.0517 218.3647 60.0000 180.0000 69 
646.2374 262.0163 90.0000 180.0000 70 
633.4421 305.2522 120.0000 180.0000 71 
621.0092 347.4987 150.0000 180.0000 72 
608.8183 389.5965 180.0000 180.0000 73 
596.8275 430.3833 210.0000 180.0000 74 
585.0473 471.1836 240.0000 180.0000 75 
573.2413 511.0111 270.0000 180.0000 76 
561.5663 550.7084 300.0000 180.0000 77 
642.4550 117.6321 0.0000 210.0000 78 
629.5387 162.6857 30.0000 210.0000 79 
616.6680 207.0336 60.0000 210.0000 80 
604.4810 250.7347 90.0000 210.0000 81 
592.0777 293.5630 120.0000 210.0000 82 
579.9725 335.8569 150.0000 210.0000 83 
568.0735 377.5364 180.0000 210.0000 84 
556.4540 418.4482 210.0000 210.0000 85 
544.7575 458.8711 240.0000 210.0000 86 
533.4235 498.6970 270.0000 210.0000 87 
522.1352 538.2029 300.0000 210.0000 88 
