527.0602 499.6584 0.0000 0.0000 1 
488.8107 485.0204 30.0000 0.0000 2 
449.8531 470.3045 60.0000 0.0000 3 
409.9961 455.2015 90.0000 0.0000 4 
369.2739 439.7735 120.0000 0.0000 5 
327.8613 424.0805 150.0000 0.0000 6 
285.3218 408.0009 180.0000 0.0000 7 
241.7668 391.5010 210.0000 0.0000 8 
197.3999 374.4915 240.0000 0.0000 9 
152.1234 357.6138 270.0000 0.0000 10 
105.7251 339.9290 300.0000 0.0000 11 
543.0417 461.6118 0.0000 30.0000 12 
504.5572 446.5309 30.0000 30.0000 13 
465.4676 431.2783 60.0000 30.0000 14 
425.4884 415.7596 90.0000 30.0000 15 
384.8802 399.8855 120.0000 30.0000 16 
343.5556 383.5228 150.0000 30.0000 17 
300.9122 366.8905 180.0000 30.0000 18 
257.2583 349.9161 210.0000 30.0000 19 
212.6804 332.7470 240.0000 30.0000 20 
167.6518 314.7775 270.0000 30.0000 21 
121.1232 296.9857 300.0000 30.0000 22 
559.0489 422.9858 0.0000 60.0000 23 
520.4759 407.5414 30.0000 60.0000 24 
481.3113 391.9723 60.0000 60.0000 25 
441.6294 375.8881 90.0000 60.0000 26 
400.8095 359.4539 120.0000 60.0000 27 
359.0482 342.8805 150.0000 60.0000 28 
316.4974 325.6768 180.0000 60.0000 29 
272.7946 308.0930 210.0000 60.0000 30 
228.2684 290.1144 240.0000 60.0000 31 
182.9514 271.6532 270.0000 60.0000 32 
136.5435 253.0453 300.0000 60.0000 33 
575.1051 384.1177 0.0000 90.0000 34 
536.4415 368.2546 30.0000 90.0000 35 
497.4636 352.2553 60.0000 90.0000 36 
457.3936 335.4654 90.0000 90.0000 37 
416.5697 318.6786 120.0000 90.0000 38 
375.0098 301.4636 150.0000 90.0000 39 
332.3481 283.5706 180.0000 90.0000 40 
288.5413 265.3964 210.0000 90.0000 41 
243.9924 247.0564 240.0000 90.0000 42 
198.3438 228.1277 270.0000 90.0000 43 
152.1413 208.9830 300.0000 90.0000 44 
591.4539 344.6554 0.0000 120.0000 45 
552.7945 328.3879 30.0000 120.0000 46 
513.6776 311.7744 60.0000 120.0000 47 
473.7312 294.7540 90.0000 120.0000 48 
432.6934 277.1777 120.0000 120.0000 49 
390.7776 259.3813 150.0000 120.0000 50 
348.2309 241.1231 180.0000 120.0000 51 
304.3211 222.3631 210.0000 120.0000 52 
259.7891 203.4160 240.0000 120.0000 53 
214.1134 183.7980 270.0000 120.0000 54 
167.8743 164.3170 300.0000 120.0000 55 
608.2021 304.7812 0.0000 150.0000 56 
569.3582 287.9602 30.0000 150.0000 57 
530.4416 270.5708 60.0000 150.0000 58 
490.1118 253.3435 90.0000 150.0000 59 
449.0455 235.2772 120.0000 150.0000 60 
407.0420 216.8791 150.0000 150.0000 61 
364.1632 198.1298 180.0000 150.0000 62 
320.4670 178.7633 210.0000 150.0000 63 
275.8704 159.0082 240.0000 150.0000 64 
230.2596 138.9265 270.0000 150.0000 65 
183.6897 119.0890 300.0000 150.0000 66 
624.8589 264.1764 0.0000 180.0000 67 
586.2964 246.8791 30.0000 180.0000 68 
546.6701 229.1473 60.0000 180.0000 69 
506.5288 211.2099 90.0000 180.0000 70 
465.3008 192.6281 120.0000 180.0000 71 
423.4907 173.6842 150.0000 180.0000 72 
380.4028 154.3720 180.0000 180.0000 73 
336.7628 134.4492 210.0000 180.0000 74 
291.8252 114.3528 240.0000 180.0000 75 
246.3087 93.8962 270.0000 180.0000 76 
199.8221 73.4512 300.0000 180.0000 77 
642.1293 223.1733 0.0000 210.0000 78 
603.2976 205.3674 30.0000 210.0000 79 
563.7697 187.1688 60.0000 210.0000 80 
523.2857 168.7099 90.0000 210.0000 81 
482.0961 149.4190 120.0000 210.0000 82 
440.0361 129.8078 150.0000 210.0000 83 
397.0998 109.8981 180.0000 210.0000 84 
352.8785 89.8910 210.0000 210.0000 85 
308.4840 69.2252 240.0000 210.0000 86 
262.8838 48.2302 270.0000 210.0000 87 
216.5805 27.2853 300.0000 210.0000 88 
